,COM_value,CT,RES_value,percentile
0,94999.95,701501,59193.8,0
1,189999.9,701501,88232.40000000001,1
2,231333.3,701501,108673.7,2
3,257333.4,701501,134639.40000000002,3
4,285055.5,701501,155224.75,4
5,314155.19999999995,701501,161241.80000000002,5
6,345251.4,701501,172959.90000000002,6
7,380340.6,701501,189184.40000000002,7
8,411680.15,701501,211051.40000000002,8
9,413022.5,701501,220206.0,9
10,414364.85,701501,235188.35,10
11,417618.0,701501,249540.8,11
12,421110.0,701501,264048.3,12
13,430660.80000000005,701501,280540.2,13
14,443241.0,701501,296148.5,14
15,469374.00000000006,701501,307934.80000000005,15
16,512448.0,701501,321840.9,16
17,546403.5,701501,337708.3,17
18,548444.25,701501,353471.45,18
19,550485.0,701501,360304.0,19
20,589887.0,701501,369709.9,20
21,629289.0,701501,379434.7,21
22,640661.95,701501,387510.20000000007,22
23,644026.6,701501,397178.0,23
24,672575.5,701501,407667.25,24
25,721271.8,701501,425691.9000000002,25
26,763761.4,701501,436233.95,26
27,793837.6000000001,701501,443781.4,27
28,823183.45,701501,450395.4,28
29,846686.5,701501,459897.0,29
30,870189.5499999999,701501,466298.5,30
31,920991.8,701501,475813.4,31
32,975206.4500000002,701501,489052.44999999995,32
33,1043156.9000000001,701501,497866.10000000003,33
34,1117975.2499999998,701501,506774.25,34
35,1197466.4,701501,522978.0,35
36,1282798.5499999998,701501,533941.0,36
37,1365540.3000000003,701501,540483.2,37
38,1439215.6500000001,701501,549782.75,38
39,1512891.0,701501,561319.0,39
40,1539937.35,701501,575364.95,40
41,1566983.7,701501,583178.3,41
42,1585052.9,701501,591138.0,42
43,1600557.2,701501,600242.0,43
44,1648457.75,701501,608178.5,44
45,1722275.2999999998,701501,613499.3,45
46,1774496.75,701501,623995.5,46
47,1783526.0,701501,633339.2,47
48,1793020.8,701501,641026.35,48
49,1806240.0,701501,646832.0,49
50,1819459.2,701501,659288.35,50
51,1864132.4000000004,701501,668947.8,51
52,1912737.35,701501,689220.25,52
53,2097182.0000000005,701501,695049.8,53
54,2349546.500000002,701501,712014.5,54
55,2494740.8000000003,701501,734720.2000000007,55
56,2505972.35,701501,748699.0499999999,56
57,2544624.7999999993,701501,764594.7999999997,57
58,2679250.399999999,701501,774469.3,58
59,2813876.0,701501,784634.0,59
60,2945370.05,701501,798011.45,60
61,3076864.0999999996,701501,807008.7,61
62,3112484.75,701501,816541.6000000001,62
63,3120713.0,701501,832320.0,63
64,3241103.5,701501,841428.0,64
65,3451223.800000001,701501,854216.9,65
66,3611710.7500000005,701501,870997.3500000003,66
67,3672931.0000000005,701501,887238.8,67
68,3733007.8999999994,701501,898431.6499999999,68
69,3783937.9999999995,701501,914789.0,69
70,3834868.0999999996,701501,936056.85,70
71,3904987.8,701501,953233.0,71
72,3977506.2,701501,973091.8,72
73,4003755.3,701501,991283.9,73
74,4006869.75,701501,1006641.0,74
75,4114449.000000002,701501,1027415.4,75
76,4352609.249999999,701501,1045720.15,76
77,4594568.200000001,701501,1071000.0,77
78,4849822.600000002,701501,1097067.7,78
79,5105077.0,701501,1109076.0,79
80,5132893.300000001,701501,1139059.3000000005,80
81,5160709.600000001,701501,1175770.0999999999,81
82,5206168.0,701501,1202197.9499999997,82
83,5256667.0,701501,1236264.0000000002,83
84,5400153.75,701501,1280945.25,84
85,5618030.700000001,701501,1300499.0,85
86,5856579.0,701501,1344413.2,86
87,6136470.000000001,701501,1375625.6,87
88,6400048.899999999,701501,1420683.5,88
89,6533131.0,701501,1555575.5,89
90,6666213.100000001,701501,1615526.1499999997,90
91,7864199.999999996,701501,1719888.8000000021,91
92,9195300.000000004,701501,1806507.0,92
93,11818643.999999978,701501,1886892.499999998,93
94,15088110.0,701501,2111628.75,94
95,18276781.199999973,701501,2585541.5999999996,95
96,21364458.89999999,701501,2739736.3499999987,96
97,25659114.200000025,701501,3318835.6000000057,97
0,126045.2,701602,75714.0,0
1,135836.96,701602,98753.0,1
2,150277.09999999998,701602,112151.04000000001,2
3,165459.48,701602,126559.23999999999,3
4,205193.50000000003,701602,165663.2,4
5,227124.40000000002,701602,183501.47999999998,5
6,239385.97999999998,701602,204672.24,6
7,245578.44,701602,216607.47999999998,7
8,256698.72,701602,229583.96000000002,8
9,274353.00000000006,701602,242534.40000000002,9
10,333439.12,701602,249583.44,10
11,370266.52,701602,261389.32,11
12,413883.81999999995,701602,270165.4,12
13,422498.56000000006,701602,282045.4,13
14,450515.19999999995,701602,292162.19999999995,14
15,470039.19999999995,701602,300298.04,15
16,476687.9,701602,308265.64,16
17,505321.16,701602,319125.48,17
18,566204.46,701602,326835.44,18
19,596782.0,701602,336654.2,19
20,599806.1799999999,701602,341306.12,20
21,623783.1200000001,701602,350613.0,21
22,666041.16,701602,358494.36,22
23,705208.8,701602,365064.72000000003,23
24,745268.5,701602,373437.0,24
25,780567.0800000001,701602,382272.48,25
26,800502.26,701602,390669.28,26
27,823151.1200000001,701602,401057.56000000006,27
28,839982.0,701602,411572.44,28
29,840550.8,701602,415489.0,29
30,841596.5,701602,422552.0,30
31,843917.3200000001,701602,430866.64,31
32,848954.98,701602,438484.44000000006,32
33,854735.3200000001,701602,450036.60000000003,33
34,858388.5,701602,458300.6,34
35,888534.24,701602,470778.08,35
36,905161.22,701602,479321.27999999997,36
37,920741.12,701602,482482.8400000001,37
38,926586.62,701602,491395.6,38
39,938859.8,701602,498363.80000000005,39
40,949366.0,701602,515608.07999999996,40
41,954077.92,701602,528237.36,41
42,1019971.8399999999,701602,537508.48,42
43,1085788.8,701602,549459.0,43
44,1151306.4,701602,560350.6,44
45,1164563.52,701602,572987.72,45
46,1176837.38,701602,579956.9199999999,46
47,1216682.8399999999,701602,589050.1599999999,47
48,1259025.1199999999,701602,595953.28,48
49,1324684.0,701602,612000.0,49
50,1424916.82,701602,618524.88,50
51,1448511.92,701602,630188.7600000001,51
52,1491322.82,701602,640670.0,52
53,1531611.1600000006,701602,649255.72,53
54,1636630.0999999999,701602,663981.8,54
55,1637733.2,701602,673641.8,55
56,1645972.74,701602,681448.52,56
57,1660360.1199999999,701602,688122.76,57
58,1717823.92,701602,695710.16,58
59,1875230.0,701602,704877.1999999998,59
60,1908390.48,701602,709182.16,60
61,2001567.6000000003,701602,719379.84,61
62,2084938.04,701602,729544.72,62
63,2132691.88,701602,745774.52,63
64,2193300.4,701602,757275.2000000001,64
65,2218019.24,701602,768141.08,65
66,2342736.000000001,701602,780285.64,66
67,2620091.5199999996,701602,786476.44,67
68,2797270.24,701602,792699.52,68
69,2899742.399999998,701602,806124.2,69
70,3075914.88,701602,817586.44,70
71,3175812.7199999997,701602,833211.44,71
72,3255722.5599999996,701602,849721.7600000001,72
73,3286601.6799999997,701602,866051.36,73
74,3443449.0,701602,880968.0,74
75,3852088.639999998,701602,897894.0800000001,75
76,4139772.4400000004,701602,913434.32,76
77,4221887.84,701602,930827.6,77
78,4350306.3,701602,944073.8800000004,78
79,4682991.600000003,701602,965827.4000000004,79
80,4893044.9399999995,701602,997400.0,80
81,5499716.12,701602,1025974.6799999995,81
82,5891989.1,701602,1053053.92,82
83,6013992.319999998,701602,1092126.84,83
84,6067163.0,701602,1115307.7999999998,84
85,6109603.28,701602,1142806.6,85
86,6368653.799999999,701602,1184911.24,86
87,6858121.240000003,701602,1220604.92,87
88,7683006.880000001,701602,1241871.04,88
89,8131214.999999999,701602,1298859.8,89
90,8299960.020000001,701602,1348821.92,90
91,10376590.08000001,701602,1399797.04,91
92,17036861.739999995,701602,1456452.6400000001,92
93,18715288.759999998,701602,1507789.6799999997,93
94,20628572.599999983,701602,1580492.3999999994,94
95,25118256.76000001,701602,1673264.359999999,95
96,29284143.339999992,701602,1859912.3199999998,96
97,30216695.679999996,701602,2330756.000000001,97
0,90632.08,267501,99634.51,0
1,106413.16,267501,107611.68,1
2,117354.86,267501,129165.2,2
3,125318.48000000001,267501,145930.88,3
4,139576.2,267501,174257.3,4
5,173975.04,267501,204082.62,5
6,208373.88000000003,267501,219487.91999999998,6
7,220070.40000000002,267501,236012.4,7
8,227983.2,267501,241795.77,8
9,251250.00000000003,267501,244943.8,9
10,291406.2,267501,254982.7,10
11,328905.08,267501,261769.19999999998,11
12,341159.42000000004,267501,264862.06,12
13,353413.76000000007,267501,275518.84,13
14,368008.1,267501,281196.05,14
15,383538.43999999994,267501,289775.92,15
16,398971.62,267501,299534.5,16
17,414210.48,267501,311659.24,17
18,429449.34,267501,318817.66000000003,18
19,431705.0,267501,333928.6,19
20,433311.5,267501,347627.82,20
21,454812.8,267501,353459.12,21
22,491235.2,267501,363482.11,22
23,527117.04,267501,373765.04,23
24,560701.5,267501,383124.75,24
25,594285.96,267501,391360.94000000006,25
26,607250.78,267501,400496.55000000005,26
27,615363.92,267501,407379.2,27
28,628933.58,267501,416396.44,28
29,649778.6,267501,427923.60000000003,29
30,669924.6599999999,267501,434211.39,30
31,676091.52,267501,439735.72,31
32,682258.38,267501,448056.20999999996,32
33,747506.0800000003,267501,458312.5,33
34,842294.1999999997,267501,470519.39999999997,34
35,918428.08,267501,479448.24,35
36,947926.3599999999,267501,487452.66,36
37,977424.64,267501,504216.83999999997,37
38,983775.22,267501,518644.94,38
39,987689.2,267501,529901.4,39
40,999087.36,267501,540462.85,40
41,1017289.3200000001,267501,552230.62,41
42,1037151.7199999999,267501,560895.07,42
43,1066976.7600000002,267501,569066.44,43
44,1096801.8000000003,267501,579075.2,44
45,1104941.4,267501,587345.72,45
46,1106304.3,267501,599850.8699999999,46
47,1116965.44,267501,611152.9199999999,47
48,1142736.2199999997,267501,619009.63,48
49,1168507.0,267501,623805.5,49
50,1170087.88,267501,636175.14,50
51,1171668.76,267501,647435.64,51
52,1209799.9200000002,267501,653883.9800000001,52
53,1270423.56,267501,662526.0800000001,53
54,1320763.7,267501,673321.9500000001,54
55,1338196.6400000001,267501,678994.6000000001,55
56,1355629.58,267501,693307.9299999999,56
57,1389376.2799999998,267501,700636.9999999999,57
58,1425841.94,267501,705682.19,58
59,1502954.4,267501,713323.2,59
60,1624778.3400000003,267501,720650.4099999999,60
61,1737058.16,267501,728820.8400000001,61
62,1758668.8399999999,267501,737107.6599999999,62
63,1780279.5199999998,267501,749381.24,63
64,1799975.6,267501,753648.4500000001,64
65,1818905.84,267501,757578.24,65
66,1841291.0,267501,765425.2200000002,66
67,1870586.0,267501,774715.3200000001,67
68,1899881.0,267501,781107.6,68
69,1928649.1999999997,267501,790454.7000000001,69
70,1957391.06,267501,803237.0199999998,70
71,1991007.7999999998,267501,818314.0399999998,71
72,2028280.7000000002,267501,830625.13,72
73,2082215.4399999995,267501,847221.5599999999,73
74,2206963.0,267501,864831.25,74
75,2331710.5600000005,267501,877671.0000000001,75
76,2399098.7600000002,267501,892102.57,76
77,2452990.6399999997,267501,907140.18,77
78,2495704.52,267501,914615.6700000003,78
79,2523514.4000000004,267501,924440.0,79
80,2554097.2600000007,267501,943340.0000000002,80
81,2640139.7199999997,267501,965823.0,81
82,2726182.1799999997,267501,989967.1099999995,82
83,2758377.84,267501,1007971.2000000001,83
84,2763650.1,267501,1027424.7,84
85,2773120.92,267501,1066044.78,85
86,2793088.14,267501,1107903.4600000002,86
87,2813055.3600000003,267501,1141321.2799999998,87
88,2985593.3400000012,267501,1227205.12,88
89,3174191.4000000022,267501,1285928.1000000024,89
90,3264069.96,267501,1381671.04,90
91,3264203.52,267501,1491229.5200000003,91
92,3301018.9200000013,267501,1731625.6,92
93,3557925.359999998,267501,1827668.2999999993,93
94,3814831.799999999,267501,1998296.449999999,94
95,4465124.48,267501,2405538.6399999997,95
96,5238350.360000004,267501,3018961.689999999,96
97,9698291.759999916,267501,3712043.2800000003,97
0,35068.35,267300,47568.85000000002,0
1,49666.66,267300,91369.92,1
2,56661.35,267300,109568.45999999999,2
3,57423.8,267300,133292.36000000002,3
4,76116.95000000001,267300,200608.0,4
5,99423.72,267300,206307.4,5
6,103286.34,267300,210385.0,6
7,111183.12000000001,267300,224168.88,7
8,120807.84,267300,231698.86,8
9,131367.6,267300,242943.60000000003,9
10,147176.59,267300,252470.40000000002,10
11,157577.8,267300,261969.36,11
12,158757.7,267300,268747.99,12
13,189065.38,267300,276147.08,13
14,205352.0,267300,292552.05,14
15,208261.40000000002,267300,304859.6,15
16,236023.55000000002,267300,318183.76,16
17,260140.1,267300,330882.16000000003,17
18,281662.91,267300,342426.55000000005,18
19,301866.80000000005,267300,354391.80000000005,19
20,323739.14,267300,380556.59,20
21,345286.64,267300,397286.7,21
22,363984.26,267300,419494.58,22
23,371528.36,267300,433008.51999999996,23
24,378388.75,267300,451025.0,24
25,388602.82,267300,452699.82,25
26,419458.8400000001,267300,463917.27,26
27,454369.08,267300,468881.8400000001,27
28,491315.51999999996,267300,475331.0,28
29,502529.4,267300,480524.60000000003,29
30,519603.81,267300,496333.93999999994,30
31,538811.9199999999,267300,498374.08,31
32,539915.23,267300,505560.18000000005,32
33,546473.68,267300,509287.95999999996,33
34,554070.25,267300,514479.4,34
35,555584.8,267300,517789.48,35
36,564741.42,267300,520711.0,36
37,580710.8999999999,267300,524493.8600000001,37
38,606306.45,267300,528080.0,38
39,639672.0,267300,538074.6,39
40,678779.83,267300,539340.4299999999,40
41,724200.46,267300,542761.14,41
42,746026.37,267300,546073.8200000001,42
43,762105.0800000001,267300,550206.12,43
44,779272.8500000001,267300,550601.35,44
45,869550.3800000002,267300,555165.9400000001,45
46,908616.2,267300,557145.49,46
47,924076.6399999999,267300,561861.0,47
48,974496.3200000002,267300,566088.27,48
49,996987.5,267300,567422.5,49
50,1041481.4399999996,267300,575847.55,50
51,1171805.8800000004,267300,583314.56,51
52,1195579.65,267300,586321.33,52
53,1200477.98,267300,591546.06,53
54,1211257.85,267300,599693.6000000001,54
55,1297642.2000000002,267300,608729.0000000001,55
56,1356543.42,267300,617253.2,56
57,1380784.3799999994,267300,620078.36,57
58,1464149.49,267300,625772.98,58
59,1513914.2,267300,629231.6,59
60,1540027.0099999998,267300,633150.11,60
61,1570862.42,267300,637416.3,61
62,1612751.29,267300,646469.19,62
63,1654239.08,267300,655286.44,63
64,1677259.55,267300,659877.8,64
65,1712955.44,267300,662004.72,65
66,1752603.5300000003,267300,668320.01,66
67,1793114.12,267300,677984.1600000001,67
68,1850827.93,267300,685791.5599999996,68
69,1919095.8999999997,267300,694624.3999999999,69
70,1998151.2699999993,267300,707066.4899999999,70
71,2016782.52,267300,716610.0,71
72,2062936.0,267300,723813.96,72
73,2142595.0600000005,267300,740574.7000000001,73
74,2316061.75,267300,750276.25,74
75,2428456.4399999995,267300,761836.48,75
76,2537785.460000001,267300,779007.9500000002,76
77,2783385.4400000004,267300,802627.5599999999,77
78,2856811.97,267300,824947.1100000001,78
79,2941205.200000001,267300,860796.6,79
80,3201346.24,267300,898645.0300000005,80
81,3333826.96,267300,912851.0,81
82,3448889.979999999,267300,930307.4699999995,82
83,3574521.04,267300,1005355.5199999998,83
84,3602589.6999999997,267300,1147506.1500000004,84
85,3714885.759999999,267300,1205274.2999999996,85
86,3923375.2600000002,267300,1287404.19,86
87,4204648.24,267300,1429022.5600000008,87
88,4359142.66,267300,1530508.81,88
89,4424113.0,267300,1674732.199999999,89
90,4471716.1,267300,1807276.71,90
91,4904694.880000004,267300,1985490.9600000014,91
92,5380928.91,267300,2308562.0600000015,92
93,5473749.78,267300,2496807.8199999994,93
94,6220059.749999996,267300,2768095.9499999993,94
95,7659239.519999983,267300,3544040.719999992,95
96,10085657.639999975,267300,4425768.87,96
97,10779211.100000003,267300,4851647.019999994,97
0,7521.359999999999,267600,63004.07,0
1,51260.88,267600,67493.94,1
2,74701.38,267600,72014.03,2
3,96433.72,267600,75071.96,3
4,100212.1,267600,77142.75,4
5,108067.32,267600,79672.0,5
6,114046.94,267600,80525.5,6
7,116605.64,267600,81669.96,7
8,119491.95999999999,267600,83117.76,8
9,132831.2,267600,85937.70000000001,9
10,133492.0,267600,91879.35999999999,10
11,153804.31999999995,267600,96649.07999999999,11
12,177752.46000000002,267600,104439.72,12
13,198811.84000000003,267600,109345.28,13
14,224783.30000000002,267600,113307.69999999998,14
15,259642.2,267600,121817.84,15
16,336828.78000000014,267600,134708.93,16
17,363238.56,267600,147418.68,17
18,364173.0,267600,163980.71000000002,18
19,364173.0,267600,172544.0,19
20,364964.74,267600,187827.74,20
21,369938.96,267600,202288.07999999996,21
22,378975.2800000001,267600,226516.48,22
23,409835.79999999993,267600,238087.63999999998,23
24,426073.5,267600,254674.0,24
25,431918.72000000003,267600,259557.74,25
26,444701.6400000001,267600,267743.64,26
27,502473.0400000001,267600,276760.4,27
28,521185.05999999994,267600,284226.15,28
29,531667.6,267600,299368.3,29
30,543771.76,267600,309862.02,30
31,575597.96,267600,316579.83999999997,31
32,616784.04,267600,326062.45999999996,32
33,631756.3600000001,267600,337382.6000000001,33
34,653459.0,267600,350013.10000000003,34
35,680260.52,267600,357965.12,35
36,716504.9,267600,366376.19999999995,36
37,788815.52,267600,376532.42000000016,37
38,820722.72,267600,391404.87,38
39,891613.6000000003,267600,405324.80000000005,39
40,955948.72,267600,418915.31,40
41,962962.2799999998,267600,432079.08,41
42,982541.3,267600,440299.79,42
43,1008069.04,267600,454479.2,43
44,1026257.1,267600,463348.5,44
45,1029406.76,267600,471119.2,45
46,1065288.3199999996,267600,480757.08999999997,46
47,1180064.6799999995,267600,497818.95999999996,47
48,1241576.22,267600,508926.20000000007,48
49,1301532.0,267600,521282.0,49
50,1405807.9,267600,530540.28,50
51,1436198.12,267600,541708.5200000001,51
52,1467555.0,267600,561311.38,52
53,1477727.0,267600,575355.0,53
54,1534648.1000000003,267600,586771.0,54
55,1562058.5599999998,267600,599887.24,55
56,1573953.92,267600,611133.14,56
57,1584297.92,267600,628203.2000000001,57
58,1612453.4399999997,267600,635116.97,58
59,1631638.4000000001,267600,648295.7999999998,59
60,1672351.2000000002,267600,659581.26,60
61,1720445.12,267600,674993.0800000001,61
62,1996466.18,267600,690385.21,62
63,2095671.9599999995,267600,706187.28,63
64,2379147.6999999997,267600,718912.4500000002,64
65,2425485.2000000007,267600,738237.0,65
66,2693369.1000000034,267600,749240.5,66
67,2933913.6400000015,267600,759825.3600000001,67
68,3008534.0199999977,267600,771974.07,68
69,3376988.3999999976,267600,795887.4999999998,69
70,3566571.92,267600,809599.9299999999,70
71,3632611.8400000003,267600,816682.8,71
72,3673332.44,267600,832905.8900000001,72
73,3730919.64,267600,839083.7,73
74,3902842.5,267600,851063.25,74
75,4032088.8,267600,858549.6000000001,75
76,4274156.84,267600,866922.33,76
77,4598176.839999999,267600,881830.6,77
78,5075318.600000003,267600,892004.1800000003,78
79,5957305.80000001,267600,904714.2000000001,79
80,6703759.820000002,267600,914195.36,80
81,7173083.199999996,267600,929403.8999999999,81
82,7949191.819999988,267600,939187.9,82
83,9861563.15999998,267600,955878.0000000001,83
84,10963747.4,267600,974547.8499999999,84
85,11881271.56,267600,1010133.8200000001,85
86,12589516.820000002,267600,1035151.39,86
87,15903174.08,267600,1056496.2799999998,87
88,17481364.959999997,267600,1087641.57,88
89,18577403.199999996,267600,1130573.0,89
90,20647225.560000002,267600,1154411.19,90
91,22091217.28000004,267600,1224000.0,91
92,26442554.66000002,267600,1280988.0000000002,92
93,28689392.79999999,267600,1338727.8399999999,93
94,30814407.299999986,267600,1398478.849999999,94
95,44511922.27999989,267600,1438264.4799999993,95
96,57190962.84000003,267600,1714652.13,96
97,71944024.68000004,267600,1988851.0800000015,97
0,22253.2,275102,46412.46000000001,0
1,22770.4,275102,61985.520000000004,1
2,23287.6,275102,65799.92,2
3,23804.800000000003,275102,68354.08,3
4,24322.0,275102,73597.5,4
5,24839.2,275102,75361.48,5
6,25356.4,275102,77946.36,6
7,25873.600000000002,275102,81462.16,7
8,26046.0,275102,83935.02,8
9,26046.0,275102,88691.2,9
10,26046.0,275102,90969.72,10
11,26046.0,275102,95795.64000000001,11
12,26046.0,275102,101583.73999999999,12
13,26046.0,275102,109273.64,13
14,26046.0,275102,115452.5,14
15,26046.0,275102,127918.32,15
16,26105.24,275102,136404.16,16
17,26282.96,275102,141366.84,17
18,26460.68,275102,147256.68,18
19,26638.4,275102,151222.4,19
20,26816.120000000003,275102,159064.12,20
21,26993.839999999997,275102,169839.32,21
22,27171.56,275102,178205.41999999998,22
23,27349.280000000002,275102,185931.52000000002,23
24,27527.0,275102,192485.5,24
25,30991.040000000005,275102,201058.04,25
26,34455.08,275102,216746.6600000001,26
27,37919.12000000001,275102,227359.24000000002,27
28,41383.15999999999,275102,234229.02,28
29,44847.19999999999,275102,237811.6,29
30,48311.23999999999,275102,242405.14,30
31,51775.28,275102,247455.52000000002,31
32,55239.32,275102,257954.34000000003,32
33,62921.280000000006,275102,262617.20000000007,33
34,72712.19999999994,275102,268204.1,34
35,82503.12000000002,275102,276208.32,35
36,92294.03999999995,275102,281931.42,36
37,102084.96000000004,275102,289920.44000000006,37
38,111875.87999999998,275102,296694.44,38
39,121666.80000000006,275102,307414.4,39
40,131457.72,275102,313612.05999999994,40
41,139315.96000000002,275102,320866.4,41
42,143308.84,275102,331532.24,42
43,147301.72,275102,340205.83999999997,43
44,151294.60000000003,275102,347836.7,44
45,155287.48,275102,351697.16000000003,45
46,159280.36,275102,360820.1,46
47,163273.24,275102,366554.48,47
48,167266.12,275102,377313.48,48
49,171259.0,275102,387467.0,49
50,171863.2,275102,395021.08,50
51,172467.4,275102,400357.1199999999,51
52,173071.6,275102,409748.1,52
53,173675.8,275102,417391.0,53
54,174280.0,275102,425108.5,54
55,174884.2,275102,429137.16,55
56,175488.4,275102,436085.22,56
57,176092.6,275102,444026.88,57
58,183414.64,275102,456151.47999999986,58
59,194095.59999999995,275102,464981.19999999995,59
60,204776.56000000003,275102,483905.43999999994,60
61,215457.51999999996,275102,489161.16,61
62,226138.48000000004,275102,494216.12,62
63,236819.43999999997,275102,507287.31999999995,63
64,247500.40000000005,275102,516123.4,64
65,258181.36,275102,532301.2400000001,65
66,266013.56,275102,551377.46,66
67,268148.24,275102,572095.6799999999,67
68,270282.92,275102,581373.24,68
69,272417.6,275102,600362.5999999997,69
70,274552.28,275102,613149.9,70
71,276686.96,275102,619219.96,71
72,278821.64,275102,634942.76,72
73,280956.32,275102,640593.0,73
74,283091.0,275102,648850.0,74
75,340920.0800000005,275102,662347.64,75
76,398749.16000000015,275102,678554.04,76
77,456578.23999999976,275102,688221.92,77
78,514407.32000000024,275102,695557.84,78
79,572236.4000000007,275102,722707.6000000001,79
80,630065.4800000003,275102,731161.8,80
81,687894.5599999999,275102,737618.36,81
82,745723.6399999995,275102,755062.44,82
83,822491.1200000001,275102,770843.76,83
84,908727.7999999996,275102,785962.3999999999,84
85,994964.4800000002,275102,792806.3999999999,85
86,1081201.1599999997,275102,808331.42,86
87,1167437.8400000003,275102,838823.5999999999,87
88,1253674.5199999998,275102,850496.1400000002,88
89,1339911.2000000007,275102,867171.2,89
90,1426147.88,275102,888185.3999999999,90
91,1496541.9600000002,275102,920744.2400000001,91
92,1535250.84,275102,968466.7000000001,92
93,1573959.7199999997,275102,986941.44,93
94,1612668.5999999996,275102,1021735.9999999999,94
95,1651377.48,275102,1082108.5200000003,95
96,1690086.36,275102,1210731.06,96
97,1728795.24,275102,1335383.9999999995,97
0,71568.4,702802,52180.40000000001,0
1,72165.66,702802,71815.2,1
2,76278.99,702802,74722.6,2
3,80055.84,702802,77730.8,3
4,82683.05,702802,79184.0,4
5,87869.31999999999,702802,81682.6,5
6,98031.54000000001,702802,83666.79999999999,6
7,106126.16,702802,87430.4,7
8,111722.43,702802,88872.0,8
9,121842.10000000002,702802,93203.5,9
10,135429.71,702802,96108.5,10
11,150573.59999999998,702802,99493.40000000001,11
12,166452.40000000002,702802,103251.95000000001,12
13,172708.16,702802,109443.0,13
14,176443.59999999998,702802,115865.0,14
15,179555.52000000002,702802,121774.6,15
16,182798.74,702802,135720.20000000004,16
17,196246.95999999996,702802,140489.90000000002,17
18,208227.35,702802,145197.9,18
19,210562.0,702802,149272.0,19
20,214073.66999999998,702802,155217.15,20
21,221206.94,702802,162704.4,21
22,228693.04000000004,702802,187276.75,22
23,236810.52,702802,199758.79999999993,23
24,245678.0,702802,209705.75,24
25,255385.48000000004,702802,220836.9,25
26,266973.73,702802,232154.8,26
27,279896.72000000003,702802,240418.40000000005,27
28,293926.38,702802,258274.40000000002,28
29,308434.6,702802,271071.0,29
30,322313.73,702802,283104.5,30
31,336046.56,702802,287554.4,31
32,345373.80000000005,702802,293120.05000000005,32
33,354129.12,702802,298788.6,33
34,357471.29999999993,702802,305738.0,34
35,365087.6399999999,702802,313735.6,35
36,396746.13,702802,323264.9,36
37,421767.78,702802,328871.3,37
38,428301.09,702802,331786.15,38
39,435217.20000000007,702802,337753.0,39
40,442764.93,702802,343914.94999999995,40
41,457904.9199999999,702802,352754.79999999993,41
42,480929.18,702802,364639.24999999994,42
43,490974.88,702802,371923.2,43
44,492503.39999999997,702802,377503.0,44
45,499334.82000000007,702802,388452.8,45
46,508259.49,702802,401332.0,46
47,512201.6,702802,409887.39999999997,47
48,515124.55,702802,414135.0,48
49,515732.0,702802,431766.5,49
50,516607.83,702802,437102.85,50
51,524272.16000000003,702802,444946.4,51
52,532043.9500000001,702802,457335.49999999994,52
53,540341.1000000001,702802,470032.7,53
54,548878.25,702802,477993.5,54
55,558023.4,702802,483446.6000000001,55
56,578520.9399999998,702802,492075.4499999998,56
57,616317.3599999999,702802,507676.29999999993,57
58,635284.25,702802,524908.0499999998,58
59,636119.0,702802,540310.0,59
60,654496.5499999999,702802,545595.55,60
61,683506.1,702802,553615.9,61
62,698202.65,702802,577536.95,62
63,707761.2000000001,702802,596358.8,63
64,759514.0000000002,702802,621806.25,64
65,818768.0000000005,702802,638344.2000000001,65
66,894663.3000000007,702802,653721.5,66
67,969912.96,702802,659865.6000000001,67
68,1029259.1799999999,702802,680114.0,68
69,1078399.2,702802,690611.5,69
70,1083652.56,702802,704516.45,70
71,1092690.5599999998,702802,709859.7999999999,71
72,1110480.5399999998,702802,720534.2,72
73,1143571.0799999998,702802,736853.2000000002,73
74,1198221.5,702802,754070.75,74
75,1239451.8,702802,767223.7999999999,75
76,1268699.85,702802,777986.75,76
77,1326407.2600000005,702802,785222.3,77
78,1400018.4300000006,702802,800905.3500000001,78
79,1441757.2000000004,702802,814658.0,79
80,1473137.44,702802,834070.1000000001,80
81,1562711.3600000003,702802,840029.7,81
82,1661140.839999999,702802,853736.9500000001,82
83,1677052.04,702802,873037.1999999998,83
84,1690576.45,702802,885640.25,84
85,1696421.82,702802,923513.1999999997,85
86,1704488.2,702802,929243.4,86
87,1721034.8,702802,949844.3999999999,87
88,1818080.6500000008,702802,972773.8500000001,88
89,2085595.5000000014,702802,982325.0,89
90,2305563.370000001,702802,999754.35,90
91,2463513.4400000013,702802,1014506.4000000004,91
92,2556340.53,702802,1037515.0000000002,92
93,2595272.74,702802,1136174.7000000002,93
94,2868052.549999996,702802,1152090.0,94
95,3261096.8399999966,702802,1196280.7999999993,95
96,4487475.55999999,702802,1232141.4999999993,96
97,5957757.0399999935,702802,1287603.4000000008,97
0,159904.28,271901,26776.8,0
1,185235.56,271901,68257.68,1
2,210566.84000000003,271901,79466.16,2
3,235898.12,271901,83703.72,3
4,261229.40000000002,271901,91681.0,4
5,286560.68,271901,97999.40000000001,5
6,311891.96,271901,102054.84,6
7,337223.24,271901,105536.6,7
8,362554.52,271901,108018.4,8
9,387885.80000000005,271901,113769.00000000001,9
10,413217.08,271901,118262.16,10
11,438548.36,271901,121099.12,11
12,463879.64,271901,130904.04000000001,12
13,489210.92000000004,271901,138281.47999999998,13
14,514542.19999999995,271901,159232.19999999998,14
15,539873.48,271901,164633.03999999998,15
16,557400.56,271901,168283.36,16
17,559319.24,271901,172450.52,17
18,561237.9199999999,271901,181096.2,18
19,563156.6000000001,271901,186018.0,19
20,565075.28,271901,192226.04,20
21,566993.96,271901,199923.88,21
22,568912.64,271901,216951.15999999997,22
23,570831.3200000001,271901,225384.91999999998,23
24,572750.0,271901,232244.0,24
25,574668.6799999999,271901,251976.44,25
26,576587.36,271901,266040.0,26
27,578506.04,271901,278958.8400000001,27
28,580424.72,271901,290136.07999999996,28
29,582343.4,271901,301707.4,29
30,584262.08,271901,314305.83999999997,30
31,586180.76,271901,329569.87999999995,31
32,588099.44,271901,343351.68,32
33,603528.4,271901,354342.36,33
34,625712.4999999999,271901,361211.7999999999,34
35,647896.6000000001,271901,370620.51999999996,35
36,670080.7,271901,375900.72000000003,36
37,692264.8,271901,379390.48000000004,37
38,714448.8999999999,271901,389994.1600000001,38
39,736633.0000000001,271901,402744.20000000007,39
40,758817.1,271901,420201.52,40
41,781001.2,271901,429312.04000000004,41
42,803185.3,271901,437014.8,42
43,825369.4,271901,447932.23999999993,43
44,847553.5,271901,457948.6,44
45,869737.6000000001,271901,465768.76,45
46,891921.7,271901,472960.48,46
47,914105.7999999999,271901,486622.8,47
48,936289.9,271901,491777.6,48
49,958474.0,271901,506538.0,49
50,978371.3200000001,271901,516603.88,50
51,998268.64,271901,531216.3200000001,51
52,1018165.96,271901,538654.2,52
53,1038063.28,271901,555622.36,53
54,1057960.6,271901,562391.6,54
55,1077857.92,271901,576696.56,55
56,1097755.24,271901,590573.84,56
57,1117652.5599999998,271901,607420.48,57
58,1137549.8800000001,271901,614869.48,58
59,1157447.1999999997,271901,627103.5999999999,59
60,1177344.52,271901,647104.04,60
61,1197241.8399999999,271901,661661.32,61
62,1217139.1600000001,271901,675089.3600000001,62
63,1237036.48,271901,684907.04,63
64,1256933.8,271901,694240.4000000001,64
65,1276831.1199999999,271901,707487.8400000001,65
66,1294320.1,271901,718922.3600000001,66
67,1306992.4,271901,737799.16,67
68,1319664.7,271901,758884.0399999997,68
69,1332336.9999999998,271901,782377.7999999999,69
70,1345009.2999999998,271901,804521.3999999999,70
71,1357681.6,271901,816077.3199999998,71
72,1370353.9,271901,831390.56,72
73,1383026.1999999997,271901,836552.96,73
74,1395698.5,271901,844062.0,74
75,1408370.8000000003,271901,868013.6400000001,75
76,1421043.1,271901,887406.3200000001,76
77,1433715.4,271901,900021.8,77
78,1446387.7,271901,918476.04,78
79,1459060.0,271901,938965.2000000002,79
80,1471732.3000000003,271901,968790.4,80
81,1484404.6,271901,990037.92,81
82,1497076.9,271901,1003030.9999999999,82
83,1523637.6,271901,1025670.3999999999,83
84,1557142.5,271901,1044122.5999999999,84
85,1590647.4000000001,271901,1072913.32,85
86,1624152.2999999998,271901,1102465.88,86
87,1657657.2000000002,271901,1147763.0399999998,87
88,1691162.1,271901,1228091.0,88
89,1724667.0000000002,271901,1286353.8000000003,89
90,1758171.9,271901,1328512.8400000003,90
91,1791676.8000000003,271901,1382337.92,91
92,1825181.7000000002,271901,1503954.56,92
93,1858686.5999999996,271901,1553317.439999998,93
94,1892191.4999999995,271901,1619672.7999999996,94
95,1925696.4,271901,1680945.2799999998,95
96,1959201.3000000003,271901,1872720.0,96
97,1992706.2,271901,2167665.2399999993,97
0,55933.0,273100,64003.0,0
1,63640.0,273100,66954.0,1
2,74283.0,273100,70358.0,2
3,74283.0,273100,75576.0,3
4,109443.0,273100,79668.0,4
5,109443.0,273100,82258.0,5
6,113726.52,273100,86346.0,6
7,113859.0,273100,90409.0,7
8,117250.04999999999,273100,94900.65,8
9,122554.0,273100,97687.90000000001,9
10,122554.0,273100,100600.0,10
11,124705.0,273100,105856.0,11
12,124705.0,273100,111131.0,12
13,125312.24,273100,113502.0,13
14,125351.0,273100,118030.0,14
15,131091.91999999998,273100,120618.0,15
16,141298.0,273100,125251.0,16
17,141298.0,273100,134616.03999999995,17
18,142802.0,273100,145154.68999999997,18
19,142802.0,273100,165094.60000000018,19
20,149476.84999999998,273100,174417.0,20
21,150137.0,273100,196950.0,21
22,154361.99,273100,208784.0,22
23,162940.0,273100,218938.0,23
24,162940.0,273100,232571.0,24
25,260812.0,273100,248478.0,25
26,260812.0,273100,263996.0,26
27,273778.80000000005,273100,273104.0,27
28,275547.0,273100,280145.83999999997,28
29,297474.8999999998,273100,291841.39999999973,29
30,348640.0,273100,306788.0,30
31,348640.0,273100,321590.0,31
32,379358.0,273100,335396.0,32
33,379358.0,273100,343056.0,33
34,392029.79999999993,273100,354827.0,34
35,394266.0,273100,364173.0,35
36,397513.55999999994,273100,380893.0,36
37,406294.0,273100,403716.0,37
38,406294.0,273100,415299.9,38
39,431194.0,273100,430816.80000000005,39
40,431194.0,273100,441422.55,40
41,440594.4799999999,273100,460175.0,41
42,442658.0,273100,467622.0,42
43,443182.16000000003,273100,480601.0,43
44,444842.0,273100,486866.0,44
45,444842.0,273100,498580.0,45
46,508010.0,273100,515713.0,46
47,508010.0,273100,523143.0,47
48,604094.539999999,273100,531899.71,48
49,629636.0,273100,544991.5,49
50,645480.5000000006,273100,553445.8900000004,50
51,705086.0,273100,573322.0,51
52,705086.0,273100,585519.0,52
53,720618.0,273100,601089.0,53
54,720618.0,273100,630069.0,54
55,763051.8400000003,273100,654057.0,55
56,776452.0,273100,665654.0,56
57,781050.6399999998,273100,689557.0,57
58,802000.0,273100,707515.75,58
59,802000.0,273100,733275.599999999,59
60,802000.0,273100,765751.3099999999,60
61,802000.0,273100,784634.0,61
62,820558.79,273100,816806.0,62
63,827423.0,273100,835811.0,63
64,860338.5500000012,273100,861050.0,64
65,1046860.0,273100,897188.0,65
66,1046860.0,273100,925680.0,66
67,1074436.0,273100,940810.0,67
68,1074436.0,273100,959749.0,68
69,1107730.7999999993,273100,969628.0,69
70,1122000.0,273100,979057.4900000002,70
71,1127620.6799999995,273100,999708.0,71
72,1168839.0,273100,1023200.0,72
73,1168839.0,273100,1056265.0,73
74,1254600.0,273100,1105913.0,74
75,1254600.0,273100,1142856.0,75
76,1254904.18,273100,1200000.0,76
77,1255054.0,273100,1250000.0,77
78,1258670.56,273100,1298703.0,78
79,1295238.0,273100,1334416.0000000012,79
80,1295238.0,273100,1395635.0900000012,80
81,1646000.0,273100,1427815.1600000004,81
82,1646000.0,273100,1492154.0,82
83,1800239.9999999967,273100,1555397.0,83
84,1887000.0,273100,1606500.0,84
85,1913207.040000001,273100,1690023.0,85
86,2323784.0,273100,1755952.0,86
87,2323784.0,273100,1830148.0,87
88,2405768.0,273100,1911839.0,88
89,2405768.0,273100,2020868.8999999966,89
90,2411957.06,273100,2164426.5300000003,90
91,2415914.0,273100,2293641.240000001,91
92,2454344.4800000014,273100,2369800.0,92
93,3696930.0,273100,2674629.0,93
94,3696930.0,273100,2754000.0,94
95,8450128.0,273100,2900000.0,95
96,8450128.0,273100,3299660.0,96
97,9934985.999999959,273100,3697500.0,97
0,30232.8,272100,71047.66,0
1,60465.6,272100,73854.04,1
2,80583.23,272100,77938.12,2
3,87610.64,272100,79675.0,3
4,94638.05,272100,81807.8,4
5,96306.04000000001,272100,84041.36,5
6,97185.87999999999,272100,86414.74,6
7,100230.28,272100,89583.16,7
8,108144.94,272100,93461.16,8
9,116059.6,272100,97765.4,9
10,123818.24,272100,104167.29999999999,10
11,131523.08,272100,109625.23999999999,11
12,138852.16,272100,116072.48,12
13,144463.48,272100,123988.44000000003,13
14,150074.8,272100,134849.0,14
15,157935.88,272100,141885.44,15
16,167203.06000000003,272100,154383.92,16
17,176448.37999999998,272100,165323.28,17
18,185289.29,272100,174776.82,18
19,194130.2,272100,187350.6,19
20,210915.77,272100,195643.44,20
21,236064.14,272100,213835.12000000002,21
22,261212.51000000004,272100,228437.92000000004,22
23,273928.28,272100,236603.59999999998,23
24,285608.0,272100,251815.5,24
25,297068.48000000004,272100,262392.52,25
26,308137.4600000001,272100,275675.44,26
27,319206.44000000006,272100,282431.4000000001,27
28,352247.28999999986,272100,297304.12,28
29,390958.29999999993,272100,304324.4,29
30,420895.12,272100,315215.99999999994,30
31,421584.64,272100,325249.32,31
32,422274.16000000003,272100,334465.18,32
33,422504.0,272100,347234.28,33
34,422504.0,272100,357776.2,34
35,423022.64,272100,365804.24,35
36,428079.38,272100,373003.18,36
37,433136.12,272100,381465.2,37
38,435896.30000000005,272100,390635.78,38
39,436688.0,272100,403930.00000000006,39
40,437479.69999999995,272100,418129.43999999994,40
41,443592.1599999999,272100,433863.79999999976,41
42,449844.63999999996,272100,448928.0,42
43,458210.4,272100,458115.72000000003,43
44,469614.0,272100,469946.9,44
45,481017.60000000003,272100,482345.36,45
46,486966.62999999995,272100,493298.36000000004,46
47,491923.92,272100,504120.16,47
48,498708.97,272100,513595.38,48
49,510146.5,272100,528389.0,49
50,521584.03,272100,539204.7000000001,50
51,524810.0,272100,549674.0,51
52,524810.0,272100,566157.12,52
53,526703.0000000001,272100,582202.3200000001,53
54,539007.5,272100,596917.7000000001,54
55,551312.0000000001,272100,603350.2000000003,55
56,560139.13,272100,617304.24,56
57,566547.22,272100,629385.08,57
58,573167.19,272100,648286.78,58
59,587838.5999999999,272100,657979.0,59
60,602510.01,272100,678240.6799999999,60
61,645380.3999999999,272100,697588.0799999997,61
62,721149.6000000001,272100,712797.4600000003,62
63,796918.8000000002,272100,737617.36,63
64,823325.75,272100,753872.6000000001,64
65,844091.3,272100,771769.4800000001,65
66,858098.41,272100,795542.56,66
67,858588.64,272100,812127.12,67
68,859078.87,272100,832253.2999999999,68
69,859698.4,272100,843580.3999999999,69
70,860356.72,272100,856297.0399999999,70
71,861592.4,272100,873464.84,71
72,865065.35,272100,889139.7000000001,72
73,868538.3,272100,905435.0399999999,73
74,880755.75,272100,915276.0,74
75,897870.12,272100,933457.3999999999,75
76,913668.0,272100,954399.74,76
77,913668.0,272100,969240.6400000001,77
78,913668.0,272100,981262.6799999999,78
79,934391.0000000002,272100,997617.2000000002,79
80,974800.8500000003,272100,1017617.98,80
81,1015210.6999999997,272100,1034988.0799999993,81
82,1032994.3099999998,272100,1056145.8599999999,82
83,1049554.88,272100,1092651.16,83
84,1072450.0999999999,272100,1129518.2999999998,84
85,1105480.76,272100,1176453.4800000002,85
86,1138511.42,272100,1203594.92,86
87,1151663.04,272100,1237541.08,87
88,1160466.12,272100,1292533.2799999998,88
89,1178341.9000000001,272100,1355193.8000000007,89
90,1222528.5100000002,272100,1439600.9000000022,90
91,1266715.12,272100,1494485.6800000002,91
92,1332139.6600000006,272100,1600070.9600000004,92
93,1407003.2799999993,272100,1662378.8400000003,93
94,1488815.1499999992,272100,1758748.3999999994,94
95,1617875.1199999992,272100,1898250.4000000001,95
96,1746935.0899999994,272100,2087645.5999999992,96
97,2015795.379999999,272100,2255509.16,97
0,860616.84,271500,52479.3,0
1,884510.68,271500,92875.62,1
2,908404.52,271500,95180.0,2
3,932298.36,271500,96120.32,3
4,956192.2,271500,99377.75,4
5,980086.04,271500,102936.1,5
6,1003979.88,271500,105636.62,6
7,1027873.72,271500,112643.31999999999,7
8,1051767.56,271500,114605.79000000001,8
9,1075661.4,271500,119222.8,9
10,1099555.24,271500,123023.90000000001,10
11,1123449.08,271500,128309.72,11
12,1147342.92,271500,130481.97,12
13,1171236.76,271500,135842.32,13
14,1195130.6,271500,139058.7,14
15,1219024.44,271500,144243.16000000003,15
16,1242918.28,271500,150512.23,16
17,1266812.1199999999,271500,159614.84,17
18,1290705.96,271500,161673.02999999997,18
19,1314599.7999999998,271500,169677.40000000002,19
20,1338493.64,271500,186777.16999999998,20
21,1362387.48,271500,197045.56,21
22,1386281.3199999998,271500,207478.8,22
23,1410175.16,271500,221551.95999999993,23
24,1434069.0,271500,230798.5,24
25,1467205.24,271500,243984.08000000002,25
26,1500341.4800000002,271500,259987.56000000003,26
27,1533477.72,271500,268007.84,27
28,1566613.96,271500,291343.06,28
29,1599750.1999999997,271500,310465.5,29
30,1632886.44,271500,325603.61000000004,30
31,1666022.6800000002,271500,341716.80000000005,31
32,1699158.92,271500,360524.75999999995,32
33,1732295.1600000001,271500,381418.04000000004,33
34,1765431.4,271500,406349.94999999995,34
35,1798567.6400000001,271500,426175.8,35
36,1831703.88,271500,436772.48,36
37,1864840.12,271500,445510.2,37
38,1897976.36,271500,458062.76,38
39,1931112.6,271500,468090.80000000005,39
40,1964248.8399999999,271500,479590.85000000003,40
41,1997385.0799999998,271500,492993.14,41
42,2030521.32,271500,502744.66000000003,42
43,2063657.56,271500,517618.6,43
44,2096793.7999999998,271500,524323.5,44
45,2129930.04,271500,533912.1200000001,45
46,2163066.28,271500,544551.12,46
47,2196202.52,271500,573537.0,47
48,2229338.7600000002,271500,591748.2899999999,48
49,2262475.0,271500,608606.0,49
50,2313981.92,271500,627502.26,50
51,2365488.84,271500,637454.6800000002,51
52,2416995.7600000002,271500,649215.0,52
53,2468502.68,271500,665601.16,53
54,2520009.6,271500,681515.3500000001,54
55,2571516.5200000005,271500,698771.8,55
56,2623023.44,271500,711681.3899999999,56
57,2674530.36,271500,729283.48,57
58,2726037.28,271500,754043.12,58
59,2777544.2,271500,770770.0,59
60,2829051.12,271500,776785.39,60
61,2880558.04,271500,807346.8800000002,61
62,2932064.96,271500,830990.36,62
63,2983571.88,271500,850303.4,63
64,3035078.8,271500,861102.25,64
65,3086585.7200000007,271500,877218.28,65
66,3138092.64,271500,913602.2100000002,66
67,3189599.56,271500,933385.9200000003,67
68,3241106.4799999995,271500,968593.5,68
69,3292613.4,271500,993660.3999999999,69
70,3344120.32,271500,1014361.6799999999,70
71,3395627.24,271500,1028276.6,71
72,3447134.1599999997,271500,1062710.92,72
73,3498641.08,271500,1112939.9000000001,73
74,3550148.0,271500,1134093.5,74
75,3561216.4400000004,271500,1155071.12,75
76,3572284.88,271500,1197317.2800000003,76
77,3583353.3200000003,271500,1218689.5,77
78,3594421.76,271500,1245791.5100000005,78
79,3605490.2,271500,1271871.2,79
80,3616558.6399999997,271500,1292542.1600000001,80
81,3627627.08,271500,1323257.68,81
82,3638695.52,271500,1363556.089999999,82
83,3649763.96,271500,1404692.4400000002,83
84,3660832.4,271500,1429300.5,84
85,3671900.84,271500,1463764.42,85
86,3682969.28,271500,1540507.11,86
87,3694037.72,271500,1591916.16,87
88,3705106.16,271500,1664202.81,88
89,3716174.6,271500,1703573.3,89
90,3727243.04,271500,1753486.5,90
91,3738311.48,271500,1776438.12,91
92,3749379.9200000004,271500,1855836.9500000002,92
93,3760448.3600000003,271500,1918926.0,93
94,3771516.8,271500,2112009.2999999984,94
95,3782585.24,271500,2333457.6399999987,95
96,3793653.6799999997,271500,2500000.0,96
97,3804722.12,271500,2759552.919999999,97
0,,271400,79143.08,0
1,,271400,85062.0,1
2,,271400,87871.43999999999,2
3,,271400,89367.0,3
4,,271400,91091.8,4
5,,271400,94322.32,5
6,,271400,96910.76,6
7,,271400,100146.64,7
8,,271400,102441.23999999999,8
9,,271400,104837.40000000001,9
10,,271400,106170.76000000001,10
11,,271400,109160.44,11
12,,271400,111468.48,12
13,,271400,115270.04000000001,13
14,,271400,118220.2,14
15,,271400,122913.79999999999,15
16,,271400,128212.32,16
17,,271400,138234.96,17
18,,271400,146449.96000000002,18
19,,271400,151962.6,19
20,,271400,165719.79999999996,20
21,,271400,178349.31999999998,21
22,,271400,191603.83999999997,22
23,,271400,204111.44,23
24,,271400,213591.0,24
25,,271400,237855.76,25
26,,271400,253700.72,26
27,,271400,271289.72000000003,27
28,,271400,283431.16,28
29,,271400,302182.8,29
30,,271400,320138.68,30
31,,271400,335392.92,31
32,,271400,345792.08,32
33,,271400,357707.04000000004,33
34,,271400,364127.79999999993,34
35,,271400,376638.56,35
36,,271400,385537.6,36
37,,271400,395648.68000000005,37
38,,271400,407459.64,38
39,,271400,419683.4,39
40,,271400,431255.95999999996,40
41,,271400,445569.1599999999,41
42,,271400,455839.84,42
43,,271400,468139.28,43
44,,271400,476527.2,44
45,,271400,482337.64,45
46,,271400,492928.8,46
47,,271400,508305.32,47
48,,271400,520536.1599999999,48
49,,271400,528974.0,49
50,,271400,540072.92,50
51,,271400,556069.28,51
52,,271400,572557.68,52
53,,271400,592780.96,53
54,,271400,602311.8,54
55,,271400,618386.0000000002,55
56,,271400,639096.6,56
57,,271400,655300.32,57
58,,271400,681823.28,58
59,,271400,703044.9999999999,59
60,,271400,714786.12,60
61,,271400,736165.28,61
62,,271400,760843.0000000001,62
63,,271400,785080.1199999999,63
64,,271400,804270.0000000002,64
65,,271400,816680.72,65
66,,271400,834733.72,66
67,,271400,860210.52,67
68,,271400,872575.12,68
69,,271400,892471.7999999998,69
70,,271400,921157.7599999999,70
71,,271400,945753.9199999998,71
72,,271400,965086.2799999999,72
73,,271400,989317.1599999999,73
74,,271400,1006499.0,74
75,,271400,1024275.24,75
76,,271400,1055200.0,76
77,,271400,1081841.36,77
78,,271400,1120723.16,78
79,,271400,1149098.2000000002,79
80,,271400,1182328.56,80
81,,271400,1224000.0,81
82,,271400,1267469.76,82
83,,271400,1320279.7199999997,83
84,,271400,1344122.5999999999,84
85,,271400,1387415.52,85
86,,271400,1448356.0,86
87,,271400,1478963.52,87
88,,271400,1518540.1199999999,88
89,,271400,1585516.8000000003,89
90,,271400,1623304.480000001,90
91,,271400,1675211.9199999997,91
92,,271400,1748381.96,92
93,,271400,1830659.9199999983,93
94,,271400,1961354.7999999989,94
95,,271400,2073080.0799999996,95
96,,271400,2155554.0000000005,96
97,,271400,2393658.1199999987,97
0,36504.23,701702,70860.36,0
1,69224.92,701702,85616.28,1
2,85047.66,701702,92746.73,2
3,97459.72,701702,105372.8,3
4,101076.65,701702,117099.20000000001,4
5,105894.56,701702,123567.28,5
6,123493.62000000001,701702,150485.57000000007,6
7,132356.0,701702,182938.44,7
8,135748.66999999998,701702,211040.8,8
9,154723.9,701702,231181.80000000002,9
10,163141.67,701702,243965.52000000002,10
11,165857.0,701702,258996.0,11
12,167859.29,701702,270036.82,12
13,200490.88000000006,701702,283891.92000000004,13
14,215490.85,701702,308272.04999999993,14
15,217721.91999999998,701702,321762.68,15
16,227120.95,701702,344837.94,16
17,227673.74,701702,358943.32,17
18,294780.22,701702,374034.30999999994,18
19,345298.80000000005,701702,381647.80000000005,19
20,366483.82000000007,701702,385097.63,20
21,383188.45999999996,701702,387318.58,21
22,422870.97,701702,397564.51,22
23,457291.6,701702,406057.28,23
24,493813.0,701702,418874.0,24
25,511038.76,701702,425880.78,25
26,544065.2100000002,701702,441147.13,26
27,624771.5200000003,701702,447156.36000000004,27
28,672192.0,701702,447233.0,28
29,675854.6,701702,449927.89999999997,29
30,696426.7599999999,701702,459226.0,30
31,730827.52,701702,459226.0,31
32,749557.1000000001,701702,459226.0,32
33,774758.54,701702,460428.24000000005,33
34,784802.8499999999,701702,470358.3999999999,34
35,821076.76,701702,478778.6,35
36,853204.19,701702,492604.7,36
37,875203.96,701702,501279.3999999999,37
38,910170.9199999999,701702,523509.91000000003,38
39,954774.2000000002,701702,538348.8,39
40,975887.2199999999,701702,545676.9799999999,40
41,988994.54,701702,555732.22,41
42,1047479.92,701702,571494.8300000001,42
43,1062155.56,701702,582564.52,43
44,1080432.05,701702,587962.6500000001,44
45,1135118.1400000001,701702,604580.7200000001,45
46,1145154.1,701702,626603.9,46
47,1180123.08,701702,651135.76,47
48,1235918.6600000001,701702,654861.35,48
49,1278065.5,701702,667454.5,49
50,1319604.3499999999,701702,680109.65,50
51,1342650.64,701702,692770.16,51
52,1412017.1099999999,701702,713223.42,52
53,1486990.1800000002,701702,722885.86,53
54,1516293.55,701702,738784.6500000001,54
55,1540050.2000000007,701702,749979.6799999999,55
56,1608771.5799999998,701702,771521.4199999999,56
57,1618007.44,701702,782075.08,57
58,1630409.9,701702,788210.1799999999,58
59,1682109.2,701702,806668.0,59
60,1772851.2299999997,701702,808915.0,60
61,1841055.4799999997,701702,818865.8600000001,61
62,1923655.8000000003,701702,830579.77,62
63,1964856.4400000004,701702,846236.48,63
64,2038103.3,701702,869024.4000000001,64
65,2112530.26,701702,881852.74,65
66,2157762.3000000003,701702,912043.0,66
67,2164521.0,701702,928786.7200000004,67
68,2164521.0,701702,949278.4,68
69,2164521.0,701702,962570.0,69
70,2311724.66,701702,982787.8099999999,70
71,2334313.88,701702,999027.3199999998,71
72,2357547.43,701702,1051588.5799999998,72
73,2393412.76,701702,1075422.08,73
74,2467716.0,701702,1104181.75,74
75,2548938.24,701702,1113576.44,75
76,2600892.72,701702,1154473.29,76
77,2602309.6399999997,701702,1178518.3800000001,77
78,2640478.2500000005,701702,1209241.19,78
79,2817119.8000000026,701702,1266227.2000000002,79
80,3032039.7,701702,1301620.4100000001,80
81,3248432.9399999985,701702,1394220.0599999982,81
82,3488700.869999999,701702,1459229.55,82
83,3658781.8800000027,701702,1553255.9999999998,83
84,3913902.3499999996,701702,1605689.0999999996,84
85,4737237.500000002,701702,1637311.7200000002,85
86,5125579.189999998,701702,1718965.8800000001,86
87,5626677.6400000015,701702,1784384.7999999998,87
88,5918764.86,701702,1851092.12,88
89,6131401.800000001,701702,1893086.5000000002,89
90,7116871.679999997,701702,2140404.940000001,90
91,7316483.880000001,701702,2288879.9999999995,91
92,7917220.310000012,701702,2398526.13,92
93,8329226.2,701702,2635620.0,93
94,8974610.599999994,701702,2903482.599999997,94
95,9320720.360000001,701702,3192454.92,95
96,16380996.579999985,701702,3615571.21,96
97,17790169.16,701702,3921825.959999992,97
0,0.0,267700,33781.86,0
1,51518.159999999996,267700,55334.96,1
2,82541.44,267700,63915.13,2
3,110470.59999999999,267700,70301.44,3
4,127265.80000000002,267700,75501.95,4
5,135065.36,267700,77275.22,5
6,149020.40000000002,267700,82374.06,6
7,158943.96000000002,267700,89546.31999999999,7
8,193198.04000000004,267700,101647.56,8
9,211325.0,267700,114444.89999999998,9
10,219060.76,267700,134035.46000000002,10
11,226134.92,267700,150075.92,11
12,228765.8,267700,164313.06,12
13,231152.76,267700,184515.50000000003,13
14,232580.2,267700,191961.15,14
15,234430.96000000002,267700,198921.8,15
16,243772.72,267700,215165.89,16
17,263615.96,267700,225776.8,17
18,273487.88,267700,235404.81,18
19,279483.00000000006,267700,245705.8,19
20,296505.4,267700,258885.45,20
21,316426.0,267700,273835.14,21
22,316703.76,267700,280662.99,22
23,320235.24,267700,290110.95999999996,23
24,328329.0,267700,301402.25,24
25,342451.56000000006,267700,311719.7,25
26,350064.2,267700,322563.66000000003,26
27,368665.7200000001,267700,330044.08,27
28,400861.71999999986,267700,344439.54,28
29,413803.79999999993,267700,357143.8,29
30,439617.72,267700,367497.9,30
31,451029.72,267700,385382.72,31
32,506894.48,267700,395231.32000000007,32
33,561270.48,267700,398284.76,33
34,607499.3999999997,267700,407944.9,34
35,632370.3600000001,267700,419414.4,35
36,641171.52,267700,433858.24,36
37,666975.3600000001,267700,451736.94,37
38,700962.96,267700,459588.22,38
39,717148.0,267700,470044.0,39
40,727219.24,267700,471362.04,40
41,744860.2000000001,267700,482137.0,41
42,765935.2,267700,487810.08999999997,42
43,793240.4800000001,267700,496282.9600000001,43
44,807280.8,267700,506215.65000000014,44
45,863355.5200000008,267700,511715.18000000005,45
46,1068322.2399999998,267700,522473.06999999983,46
47,1099622.24,267700,532054.0,47
48,1131689.2799999998,267700,542980.79,48
49,1144440.0,267700,554842.5,49
50,1285142.4000000001,267700,565374.73,50
51,1428274.5200000003,267700,574837.6799999999,51
52,1442286.92,267700,582858.81,52
53,1566086.1200000006,267700,590924.3600000001,53
54,1595913.0,267700,601783.4500000001,54
55,1599040.6800000002,267700,608413.56,55
56,1634267.4,267700,615649.37,56
57,1729990.719999999,267700,625818.08,57
58,1772982.7200000002,267700,631116.82,58
59,1784483.4,267700,638915.8,59
60,1803485.8800000001,267700,645637.1000000001,60
61,1845216.7199999997,267700,657572.88,61
62,1957168.0800000008,267700,668677.48,62
63,2111643.7199999997,267700,677333.72,63
64,2232127.0000000005,267700,684469.95,64
65,2291201.68,267700,690189.46,65
66,2459300.240000004,267700,704896.29,66
67,2809080.0,267700,712861.64,67
68,2809080.0,267700,724186.2499999999,68
69,2866929.199999997,267700,743858.7,69
70,3135278.639999999,267700,769718.8500000003,70
71,3351128.400000001,267700,778731.9600000001,71
72,3523486.48,267700,806201.9100000001,72
73,3665453.7599999993,267700,817920.52,73
74,3723000.0,267700,832896.75,74
75,3796510.0800000005,267700,841132.7999999999,75
76,3961696.3200000003,267700,857385.77,76
77,4269455.279999998,267700,881150.2799999999,77
78,4545112.440000001,267700,907791.49,78
79,4758786.200000002,267700,939183.0,79
80,4954838.640000001,267700,964421.0700000005,80
81,5096770.5600000005,267700,1012948.32,81
82,5374497.839999997,267700,1021722.3199999998,82
83,6133138.48,267700,1049509.4799999997,83
84,6670509.3999999985,267700,1082303.1,84
85,7777691.880000004,267700,1125714.9599999997,85
86,9115910.039999995,267700,1185006.1799999992,86
87,9640131.48,267700,1275995.28,87
88,10279285.079999996,267700,1300656.7300000002,88
89,11566597.400000006,267700,1350750.0,89
90,12959210.6,267700,1384000.0,90
91,15166437.800000023,267700,1436018.6800000004,91
92,18606138.720000006,267700,1511175.7800000005,92
93,24218305.43999995,267700,1617569.1199999992,93
94,33004518.599999927,267700,1754526.050000001,94
95,39231318.43999998,267700,1959791.9200000006,95
96,45520801.64000006,267700,2447598.6900000055,96
97,57433068.599999964,267700,3478885.3600000003,97
0,0.0,701801,49433.350000000006,0
1,0.0,701801,61116.380000000005,1
2,0.0,701801,63308.79,2
3,0.0,701801,66824.2,3
4,0.0,701801,68898.35,4
5,0.0,701801,70632.66,5
6,0.0,701801,74356.67,6
7,0.0,701801,75792.24,7
8,0.0,701801,76459.82999999999,8
9,0.0,701801,81948.6,9
10,9.0,701801,87526.74000000002,10
11,2618.599999999991,701801,92128.56,11
12,21922.400000000034,701801,101810.24,12
13,43970.80000000001,701801,107420.60000000003,13
14,52734.0,701801,118161.79999999999,14
15,80008.0,701801,124888.24,15
16,85007.20000000001,701801,133192.63,16
17,107042.79999999993,701801,147356.51999999996,17
18,136134.80000000002,701801,157778.17,18
19,146203.0,701801,175145.4,19
20,170176.8,701801,189164.71,20
21,191955.19999999995,701801,206014.3,21
22,226066.40000000002,701801,227005.88,22
23,249912.79999999996,701801,238162.55999999997,23
24,254566.0,701801,258508.75,24
25,285264.6000000001,701801,272344.92000000004,25
26,310987.0000000002,701801,278079.33999999997,26
27,361608.4000000001,701801,287452.52,27
28,394944.79999999993,701801,296610.8899999999,28
29,433068.0,701801,302471.6,29
30,443166.6,701801,310555.19,30
31,452365.8,701801,319442.0,31
32,470143.8,701801,328775.75,32
33,490136.6000000001,701801,337713.04,33
34,493149.0,701801,346237.49999999994,34
35,501812.2,701801,357170.6,35
36,509453.8,701801,361705.26,36
37,517712.8,701801,367450.92,37
38,530794.0,701801,372956.66000000003,38
39,553080.0,701801,382472.2,39
40,555555.0,701801,396409.35000000003,40
41,568720.2,701801,405718.19999999995,41
42,590088.6000000001,701801,414376.99,42
43,599062.6,701801,424558.76,43
44,666294.0,701801,429176.80000000005,44
45,679574.6,701801,437217.13999999996,45
46,690952.2,701801,441911.25999999995,46
47,733998.5999999996,701801,448233.36,47
48,784461.7999999998,701801,459769.25,48
49,792233.0,701801,473665.0,49
50,801584.0000000001,701801,479102.49,50
51,832520.8,701801,482801.5200000001,51
52,880913.8,701801,501082.99000000005,52
53,930644.6000000002,701801,509358.64,53
54,960827.0,701801,520586.6,54
55,1049244.4000000004,701801,527642.8,55
56,1151221.1999999993,701801,544499.69,56
57,1208786.4,701801,560159.96,57
58,1252623.2,701801,571777.4099999999,58
59,1470067.0,701801,585408.9999999998,59
60,1483900.0000000002,701801,602690.72,60
61,1552647.2000000007,701801,620626.8400000001,61
62,1948712.5999999968,701801,634238.4900000001,62
63,2309324.9999999995,701801,646467.16,63
64,2931135.0,701801,659863.0,64
65,2957236.8,701801,673751.6,65
66,3243763.200000004,701801,692954.0700000001,66
67,3760013.4000000013,701801,723359.04,67
68,3870010.6,701801,746612.1599999997,68
69,3950837.0,701801,762843.5999999999,69
70,4347710.999999999,701801,777211.01,70
71,4428770.6,701801,805461.0,71
72,4606061.599999999,701801,822303.65,72
73,4822386.399999999,701801,855454.4200000002,73
74,5098635.0,701801,882844.25,74
75,5217594.800000001,701801,903482.24,75
76,5531406.0,701801,920312.9199999999,76
77,6122784.600000007,701801,941548.78,77
78,7837111.400000019,701801,960758.0400000006,78
79,9090993.0,701801,985135.8,79
80,9727788.600000003,701801,1000960.92,80
81,11285603.399999984,701801,1032884.9,81
82,12552174.0,701801,1050415.12,82
83,13845371.599999994,701801,1074247.92,83
84,18127877.0,701801,1095207.5,84
85,23758368.0,701801,1117901.1999999997,85
86,28135645.600000054,701801,1156762.1399999997,86
87,34894866.999999985,701801,1233145.8800000004,87
88,39231864.19999999,701801,1288069.26,88
89,42532875.0,701801,1325834.7000000002,89
90,51148493.60000001,701801,1384050.0,90
91,56708680.80000007,701801,1451723.7199999997,91
92,85253924.40000029,701801,1507178.4899999998,92
93,101862113.99999999,701801,1533715.5999999999,93
94,104076437.0,701801,1634803.6499999987,94
95,123425380.59999976,701801,1864919.2799999944,95
96,141744760.2,701801,2143473.4499999997,96
97,148715999.99999994,701801,3509932.0200000107,97
0,0.0,702300,77769.0,0
1,0.0,702300,84449.0,1
2,0.0,702300,87951.0,2
3,14145.280000000013,702300,90407.0,3
4,50137.40000000008,702300,94544.0,4
5,83760.0,702300,99283.0,5
6,86782.0,702300,103677.0,6
7,105962.0,702300,107256.0,7
8,107867.0,702300,116740.0,8
9,113501.0,702300,125602.0,9
10,119750.0,702300,131007.0,10
11,122327.0,702300,136198.0,11
12,124035.0,702300,144099.0,12
13,124491.0,702300,154673.0,13
14,141593.0,702300,165228.0,14
15,155307.0,702300,178008.0,15
16,188974.0,702300,197288.0,16
17,201225.0,702300,219564.0,17
18,203145.0,702300,236055.0,18
19,204723.0,702300,260140.0,19
20,217017.0,702300,279558.0,20
21,306087.0,702300,291894.0,21
22,325743.0,702300,308296.0,22
23,334082.8,702300,322308.0,23
24,336076.25,702300,335146.0,24
25,348873.29999999993,702300,344436.0,25
26,380657.8800000006,702300,363284.0,26
27,419268.00000000023,702300,370739.0,27
28,440291.92999999976,702300,377585.0,28
29,477026.0,702300,387891.0,29
30,527746.0,702300,399344.0,30
31,591708.0,702300,410997.0,31
32,653560.0,702300,424000.0,32
33,670537.0,702300,437335.0,33
34,707912.0,702300,444242.0,34
35,726876.0,702300,455679.0,35
36,808025.0,702300,467562.0,36
37,871864.0,702300,478319.0,37
38,876377.0,702300,491243.0,38
39,902783.0,702300,502797.0,39
40,1022665.0,702300,513546.0,40
41,1053646.0,702300,522521.0,41
42,1084719.0,702300,537933.0,42
43,1086259.0,702300,548600.0,43
44,1113771.0,702300,558502.0,44
45,1236476.0,702300,567740.0,45
46,1249479.0,702300,577460.0,46
47,1312641.9600000002,702300,589796.0,47
48,1325948.68,702300,605944.0,48
49,1400685.5,702300,626304.0,49
50,1522531.4700000018,702300,641617.0,50
51,1619495.7200000002,702300,650044.0,51
52,1619720.0,702300,672530.0,52
53,1624426.0,702300,683203.0,53
54,1635254.0,702300,698750.0,54
55,1667562.0,702300,711440.0,55
56,1734000.0,702300,725768.0,56
57,2048136.0,702300,740048.0,57
58,2143224.0,702300,756171.0,58
59,2161491.0,702300,767619.0,59
60,2354989.0,702300,780577.0,60
61,2465218.0,702300,795607.0,61
62,2496960.0,702300,811457.0,62
63,2585130.0,702300,824238.0,63
64,2641251.0,702300,843450.0,64
65,2670152.0,702300,861592.0,65
66,2700990.0,702300,883967.0,66
67,2755635.0,702300,903417.0,67
68,2943737.0,702300,921634.0,68
69,2943737.0,702300,939397.0,69
70,2943737.0,702300,962589.0,70
71,3239025.1199999964,702300,986637.0,71
72,3797761.5799999805,702300,1001754.0,72
73,4187386.8400000026,702300,1036097.0,73
74,4533737.0,702300,1064581.0,74
75,5364435.279999986,702300,1085928.0,75
76,6120000.0,702300,1113227.0,76
77,6834000.0,702300,1142166.0,77
78,8125452.0,702300,1188296.0,78
79,8215161.0,702300,1212437.0,79
80,11165866.0,702300,1254193.0,80
81,14544495.0,702300,1304474.0,81
82,18839970.0,702300,1353002.0,82
83,22372465.0,702300,1380427.0,83
84,22525105.0,702300,1428000.0,84
85,24138711.0,702300,1468589.0,85
86,24727462.0,702300,1499593.0,86
87,26608230.0,702300,1560600.0,87
88,27082458.0,702300,1592771.0,88
89,29737257.0,702300,1645032.0,89
90,32969951.0,702300,1688100.0,90
91,32969951.0,702300,1734000.0,91
92,34736201.0,702300,1799205.0,92
93,39610770.0,702300,1900000.0,93
94,42973938.649999864,702300,2008699.0,94
95,47699844.56000005,702300,2127778.0,95
96,52250181.16999996,702300,2272744.0,96
97,55154024.35999997,702300,2550000.0,97
0,7172.550000000007,701802,4850.0,0
1,82521.18000000001,701802,44551.28,1
2,99565.07,701802,51082.840000000004,2
3,113517.20000000001,701802,58370.4,3
4,126108.4,701802,66645.8,4
5,142321.94,701802,71146.36,5
6,151540.09,701802,80111.48000000003,6
7,155629.6,701802,89154.44,7
8,156408.0,701802,96317.48000000001,8
9,164796.0,701802,106262.6,9
10,175541.87,701802,118043.95999999999,10
11,187169.4,701802,132741.2,11
12,192384.03,701802,143796.36000000004,12
13,200183.54,701802,163169.32000000004,13
14,214699.59999999998,701802,176523.0,14
15,221628.24000000002,701802,199718.47999999998,15
16,238832.48000000004,701802,215912.52000000002,16
17,260972.78000000003,701802,223015.0,17
18,301888.59,701802,240824.0,18
19,336231.2,701802,252867.60000000003,19
20,353638.76,701802,268511.88,20
21,368973.98000000004,701802,275546.19999999995,21
22,395180.23000000004,701802,279560.2,22
23,410602.64,701802,284792.95999999996,23
24,417434.5,701802,291011.0,24
25,425423.66000000003,701802,301134.72000000003,25
26,432828.48000000004,701802,304566.96,26
27,443734.48000000004,701802,322410.72,27
28,473493.47,701802,330840.68,28
29,527377.5999999997,701802,346591.80000000005,29
30,549612.6799999999,701802,353868.44,30
31,556643.24,701802,359702.28,31
32,590483.6699999999,701802,364254.92000000004,32
33,661360.1000000001,701802,385537.0,33
34,709598.3,701802,393713.8,34
35,729454.28,701802,398716.28,35
36,774483.3199999998,701802,409770.04,36
37,833722.4,701802,416818.92000000004,37
38,845088.65,701802,422551.32,38
39,855140.8,701802,437238.6,39
40,875288.8999999999,701802,443828.84,40
41,886450.8,701802,450388.28,41
42,893381.33,701802,457486.2,42
43,967283.7200000001,701802,465740.0,43
44,978012.9500000003,701802,476727.0,44
45,1063856.72,701802,485844.83999999997,45
46,1130926.8199999998,701802,497371.0800000001,46
47,1154379.8,701802,505418.27999999997,47
48,1186402.0999999999,701802,511909.87999999995,48
49,1209734.0,701802,524803.0,49
50,1260250.7400000002,701802,530010.4,50
51,1338831.36,701802,546438.52,51
52,1369437.5499999998,701802,563039.5199999999,52
53,1402053.7800000003,701802,578453.2,53
54,1412559.05,701802,588620.4000000001,54
55,1451881.6400000008,701802,605161.1600000001,55
56,1578153.22,701802,622317.9199999999,56
57,1591433.7399999998,701802,638573.72,57
58,1599620.27,701802,656909.5199999999,58
59,1646960.5999999992,701802,671437.6,59
60,1746943.8799999994,701802,678943.92,60
61,1871946.4599999997,701802,686703.68,61
62,1951912.3000000003,701802,707408.1999999998,62
63,1975502.6800000002,701802,732448.6,63
64,2017249.4500000004,701802,742488.8,64
65,2228480.3199999994,701802,763718.8400000002,65
66,2254220.29,701802,779114.64,66
67,2266644.1200000006,701802,803128.04,67
68,2332805.78,701802,813975.76,68
69,2356886.4,701802,827175.6,69
70,2427462.04,701802,836384.3200000001,70
71,2589102.5200000005,701802,854605.7999999999,71
72,2706432.749999999,701802,874058.3999999996,72
73,2828081.3599999994,701802,917464.0,73
74,2935839.0,701802,937166.0,74
75,3188445.6000000006,701802,989972.5599999999,75
76,3266192.0,701802,1024825.5200000005,76
77,3403997.38,701802,1058253.44,77
78,3444407.3899999997,701802,1095412.8000000003,78
79,3547008.0000000005,701802,1125429.2000000002,79
80,3641785.0,701802,1149007.6400000004,80
81,3732054.9399999995,701802,1180266.8,81
82,3858756.61,701802,1226478.9599999997,82
83,4075372.7200000007,701802,1260973.0,83
84,4265631.35,701802,1291768.7999999998,84
85,4537608.239999998,701802,1319533.72,85
86,4678634.1899999995,701802,1353811.2399999988,86
87,4756164.8,701802,1414640.16,87
88,5068786.250000001,701802,1515654.4799999997,88
89,5200354.2,701802,1592514.0000000007,89
90,5276461.68,701802,1664625.0400000003,90
91,5735275.840000002,701802,1760524.6400000001,91
92,6944060.620000004,701802,1807829.6,92
93,7704434.499999996,701802,1871948.8800000004,93
94,8635264.199999996,701802,2009042.7999999975,94
95,9405373.32,701802,2165978.719999998,95
96,10357058.360000005,701802,2328439.08,96
97,10766426.159999998,701802,2624986.48,97
0,73823.5,701701,82165.07,0
1,74434.0,701701,99825.04,1
2,79251.5,701701,126244.03,2
3,93245.0,701701,131090.16,3
4,111831.5,701701,135534.6,4
5,145176.5,701701,151978.86,5
6,191847.50000000006,701701,166535.71000000002,6
7,250412.0,701701,180495.47999999998,7
8,267751.25,701701,192855.05,8
9,299762.0,701701,209728.69999999998,9
10,345720.75,701701,218836.02000000002,10
11,404904.0,701701,226919.6,11
12,430869.75,701701,237523.03999999998,12
13,456220.00000000006,701701,248304.76,13
14,476074.0,701701,255488.59999999998,14
15,485551.0,701701,266534.8,15
16,504680.50000000006,701701,274761.84,16
17,538641.5,701701,281585.16000000003,17
18,570370.0,701701,290083.66000000003,18
19,582802.0,701701,294754.4,19
20,593008.0,701701,303672.41,20
21,617988.5,701701,317030.01999999996,21
22,651260.75,701701,327008.42000000004,22
23,686342.0,701701,333573.76,23
24,755063.0,701701,336851.0,24
25,788514.5,701701,343834.8,25
26,816478.5,701701,351908.26,26
27,868737.0,701701,361944.80000000005,27
28,869597.25,701701,370463.64,28
29,892297.0,701701,377716.89999999997,29
30,923111.5,701701,387874.45,30
31,948316.0,701701,397143.92000000004,31
32,958699.0,701701,404062.38,32
33,966755.0,701701,412142.68,33
34,981858.5,701701,419847.44999999995,34
35,1013384.0,701701,428761.28,35
36,1034337.5,701701,437967.17000000004,36
37,1044006.0,701701,441158.16,37
38,1049140.25,701701,444508.69000000006,38
39,1056491.0,701701,450460.0000000001,39
40,1150654.2499999995,701701,461014.13,40
41,1193065.5,701701,468965.14,41
42,1215458.25,701701,477321.13,42
43,1249566.0,701701,484013.9200000001,43
44,1289296.5,701701,494263.39999999997,44
45,1306725.5,701701,501681.14,45
46,1311691.25,701701,506295.8,46
47,1314032.0,701701,510763.43999999994,47
48,1331745.5,701701,522499.6099999999,48
49,1392038.0,701701,531664.0,49
50,1451316.75,701701,539661.5,50
51,1465989.0,701701,545470.1599999999,51
52,1503190.5,701701,551047.86,52
53,1540420.0,701701,561046.62,53
54,1602065.5,701701,565889.1,54
55,1712515.0000000016,701701,577381.4,55
56,1870726.7499999984,701701,585219.9399999998,56
57,1923822.0,701701,594159.46,57
58,1933757.0,701701,610358.62,58
59,1962488.0,701701,621977.0,59
60,1982372.0,701701,625683.51,60
61,1993871.5,701701,644068.8,61
62,1999491.5,701701,654961.2,62
63,2001737.0,701701,660532.92,63
64,2070763.25,701701,675638.05,64
65,2125331.0,701701,686524.82,65
66,2176552.0,701701,695597.76,66
67,2235538.0000000005,701701,705728.08,67
68,2277288.9999999995,701701,719877.1499999999,68
69,2296911.5,701701,725240.8999999999,69
70,2307051.5,701701,734965.1499999999,70
71,2320355.0,701701,746666.12,71
72,2632628.75,701701,761943.5699999998,72
73,2747875.0,701701,777593.1400000001,73
74,2806406.25,701701,783739.5,74
75,2948535.0,701701,790876.88,75
76,3017248.5,701701,813809.7000000002,76
77,3192397.5,701701,825101.92,77
78,3410362.25,701701,837519.02,78
79,3607523.0,701701,852527.2000000001,79
80,3609299.0,701701,863313.04,80
81,3847170.9999999963,701701,881686.1000000001,81
82,4181647.5,701701,902866.7699999998,82
83,4473237.0,701701,930901.6799999999,83
84,5151038.25,701701,960000.0,84
85,5670082.5,701701,994859.8400000001,85
86,6433992.5,701701,1033476.8599999998,86
87,7846391.0,701701,1063771.9200000002,87
88,8596580.0,701701,1103902.98,88
89,10598321.5,701701,1198153.4,89
90,13467450.0,701701,1267190.9600000002,90
91,16819800.0,701701,1321283.56,91
92,17618127.0,701701,1390502.97,92
93,17889676.5,701701,1472760.6599999997,93
94,18575814.75,701701,1545482.4499999983,94
95,20617908.0,701701,1806813.2400000005,95
96,36687759.75,701701,2114066.1999999997,96
97,142297944.0,701701,2505486.479999998,97
0,0.0,702201,61204.99999999999,0
1,0.0,702201,76674.28,1
2,0.0,702201,83109.07999999999,2
3,29830.200000000004,702201,86077.0,3
4,55545.5,702201,90133.7,4
5,70699.6,702201,92968.4,5
6,102516.50000000003,702201,96253.9,6
7,127682.4,702201,98617.04,7
8,131066.95000000001,702201,101905.58,8
9,132371.5,702201,106789.40000000001,9
10,139583.80000000002,702201,114404.28000000001,10
11,168568.6,702201,120493.04000000001,11
12,178075.15000000002,702201,126107.74,12
13,181722.50000000003,702201,130515.32000000004,13
14,200757.75,702201,140262.5,14
15,218852.6,702201,156593.08,15
16,235350.75,702201,172103.98,16
17,239741.5,702201,189628.64,17
18,255622.4,702201,200342.92,18
19,281352.0,702201,215940.2,19
20,337357.95,702201,237607.2999999999,20
21,374248.2,702201,250893.24,21
22,388836.8,702201,266823.46,22
23,396876.4,702201,293723.44,23
24,408757.25,702201,300634.5,24
25,427657.30000000005,702201,309839.52,25
26,433010.85,702201,318368.06,26
27,448280.2000000002,702201,336420.24,27
28,491401.84999999986,702201,349704.68,28
29,509959.5,702201,366579.6,29
30,519536.5,702201,376509.89999999997,30
31,523742.0,702201,393017.4,31
32,528631.95,702201,402528.82,32
33,535205.8,702201,413279.24000000005,33
34,549368.0,702201,424392.89999999997,34
35,559236.2,702201,435090.67999999993,35
36,567967.1000000001,702201,446278.0,36
37,595255.4,702201,458790.4,37
38,611574.7,702201,466235.78,38
39,618492.0,702201,474461.60000000003,39
40,620058.5,702201,485691.08,40
41,638347.9,702201,501696.19999999995,41
42,676147.35,702201,508357.42000000004,42
43,682820.0,702201,516472.76,43
44,689184.0,702201,531045.6,44
45,699204.4000000001,702201,548825.56,45
46,706140.3999999999,702201,560691.72,46
47,710618.6000000001,702201,570222.16,47
48,710828.5499999999,702201,585474.28,48
49,731955.0,702201,593027.0,49
50,756238.05,702201,608599.0,50
51,770126.6000000001,702201,632768.12,51
52,777079.3,702201,648318.62,52
53,790395.7000000002,702201,660517.6799999999,53
54,855666.75,702201,681136.1000000001,54
55,896001.4000000001,702201,702507.0400000003,55
56,919698.45,702201,717126.74,56
57,930767.2999999999,702201,734286.9199999999,57
58,967815.9500000001,702201,747743.76,58
59,1027133.0,702201,763502.0,59
60,1033028.5,702201,792158.12,60
61,1037841.5999999999,702201,817591.76,61
62,1041391.8999999999,702201,834118.4400000001,62
63,1072118.0,702201,854957.9999999999,63
64,1116936.0,702201,879222.5,64
65,1180677.5999999999,702201,896359.4000000001,65
66,1306035.700000001,702201,918781.9600000001,66
67,1400760.7999999998,702201,928200.0,67
68,1401354.9,702201,942934.7399999999,68
69,1407239.5,702201,955290.5999999999,69
70,1418126.6,702201,980733.9,70
71,1440398.2,702201,1010915.0,71
72,1467773.25,702201,1031877.94,72
73,1502488.0,702201,1048997.2399999998,73
74,1565096.0,702201,1080458.5,74
75,1605424.4,702201,1095195.4400000002,75
76,1634725.4500000004,702201,1125685.4,76
77,1698795.3000000003,702201,1154312.96,77
78,1733430.5,702201,1193660.98,78
79,1742836.0,702201,1233102.0,79
80,1745585.5,702201,1248206.9200000004,80
81,1787516.1999999997,702201,1283791.7599999995,81
82,1875158.2999999996,702201,1320393.6400000001,82
83,1889713.7999999998,702201,1351544.1599999997,83
84,1911814.25,702201,1381061.5999999999,84
85,1955731.4999999998,702201,1418556.4,85
86,1997101.6999999997,702201,1441191.1199999999,86
87,2050334.4000000004,702201,1472042.56,87
88,2131299.7,702201,1503505.8799999997,88
89,2169598.5,702201,1552019.4,89
90,2207152.4,702201,1596020.56,90
91,2284889.8000000003,702201,1657679.04,91
92,2346658.95,702201,1733015.4800000007,92
93,2433538.1999999974,702201,1802217.1199999985,93
94,2697556.5,702201,1903749.9999999995,94
95,3177637.1999999983,702201,2038123.8800000001,95
96,3764717.999999999,702201,2251247.5,96
97,4015331.999999998,702201,2405430.3599999947,97
0,2369.540000000002,702102,54260.65,0
1,17381.0,702102,60845.54,1
2,22442.239999999998,702102,67673.56999999999,2
3,31167.960000000006,702102,82934.92,3
4,44407.600000000006,702102,85879.0,4
5,52674.4,702102,107600.96,5
6,56971.04,702102,115170.93000000001,6
7,60433.240000000005,702102,119159.0,7
8,63457.67999999999,702102,131741.25,8
9,65657.8,702102,148787.0,9
10,75053.68000000002,702102,165331.0,10
11,84844.92,702102,177613.03999999998,11
12,110706.20000000001,702102,200245.33000000002,12
13,136954.04,702102,214106.41999999998,13
14,143962.49999999997,702102,228007.45,14
15,157165.56000000003,702102,238967.56,15
16,167353.74000000002,702102,250221.90000000002,16
17,171395.52000000002,702102,263862.2,17
18,188335.80000000002,702102,278619.83999999997,18
19,199327.6,702102,292655.8,19
20,219355.39999999994,702102,305375.33,20
21,222208.56000000003,702102,326396.72000000003,21
22,246048.42000000007,702102,343055.11,22
23,269226.96,702102,358012.08,23
24,274222.0,702102,371518.5,24
25,295430.16000000003,702102,380708.76,25
26,309206.7,702102,392886.77999999997,26
27,344782.64,702102,404121.8400000001,27
28,351209.19999999995,702102,420387.14999999997,28
29,364254.8,702102,432714.10000000003,29
30,365093.77999999997,702102,446236.66000000003,30
31,376293.56000000006,702102,459290.56,31
32,390273.72,702102,467742.79999999993,32
33,399190.04000000004,702102,479494.74,33
34,404710.69999999995,702102,496514.4,34
35,405393.48,702102,509258.92000000004,35
36,412562.16,702102,522478.41,36
37,438564.44,702102,535101.9599999998,37
38,472740.14,702102,547221.69,38
39,485429.6,702102,557491.4,39
40,508469.81999999983,702102,565014.35,40
41,552070.1999999998,702102,580964.28,41
42,606086.7999999999,702102,588927.92,42
43,607351.0,702102,602046.4400000001,43
44,614931.1000000001,702102,618441.05,44
45,657586.2400000002,702102,629569.18,45
46,693393.26,702102,640583.5,46
47,697821.56,702102,657252.3999999999,47
48,712624.7999999999,702102,675432.07,48
49,715693.0,702102,695624.0,49
50,755953.74,702102,712934.03,50
51,776812.7200000001,702102,725471.4,51
52,829511.2000000002,702102,743403.84,52
53,867864.0,702102,751689.54,53
54,887042.5,702102,769685.7000000002,54
55,902936.4400000001,702102,780183.3200000001,55
56,915546.84,702102,800919.61,56
57,959099.2399999995,702102,817458.44,57
58,1012889.1399999998,702102,837194.46,58
59,1062087.5999999992,702102,851255.2,59
60,1121151.42,702102,868078.23,60
61,1141627.0799999998,702102,890827.4400000001,61
62,1213670.9000000006,702102,915508.1399999998,62
63,1256036.0000000002,702102,937285.2,63
64,1274089.7000000004,702102,957811.2999999999,64
65,1355150.960000001,702102,972363.48,65
66,1445778.3000000005,702102,988141.77,66
67,1484389.28,702102,1011123.76,67
68,1505214.5,702102,1053246.1199999996,68
69,1526805.7999999998,702102,1078718.2000000002,69
70,1531244.56,702102,1100680.44,70
71,1545545.76,702102,1132268.4,71
72,1571009.6,702102,1153874.8599999999,72
73,1599345.92,702102,1188934.1200000003,73
74,1677894.0,702102,1217555.5,74
75,1752518.8800000001,702102,1249701.9999999995,75
76,1793109.6,702102,1273853.6400000001,76
77,1856622.32,702102,1303585.6999999997,77
78,1998393.9600000002,702102,1325683.8,78
79,2084389.8000000003,702102,1366697.999999999,79
80,2099470.14,702102,1407972.6600000006,80
81,2172452.3999999985,702102,1453508.9400000002,81
82,2250688.82,702102,1489477.9499999997,82
83,2342804.999999999,702102,1507712.56,83
84,2409269.3999999994,702102,1551634.1499999994,84
85,2425991.0399999986,702102,1598707.2400000002,85
86,2607137.88,702102,1653687.3399999999,86
87,2694540.400000001,702102,1703006.32,87
88,2835288.480000001,702102,1768215.0499999993,88
89,2923391.4000000004,702102,1843273.8000000003,89
90,3170371.6200000024,702102,1896219.08,90
91,3428902.240000002,702102,1993696.0000000005,91
92,3607830.4200000013,702102,2042388.98,92
93,3815919.999999998,702102,2163217.94,93
94,4376856.099999998,702102,2367884.5,94
95,4952398.279999999,702102,2546138.92,95
96,5876336.579999997,702102,2886564.2300000004,96
97,9658116.239999995,702102,3282901.4999999986,97
0,9235.0,702002,31320.48,0
1,9235.0,702002,47948.94,1
2,9235.0,702002,56332.369999999995,2
3,9235.0,702002,67978.4,3
4,12847.350000000006,702002,84127.45,4
5,20110.4,702002,98318.37999999999,5
6,21190.58,702002,106652.75000000003,6
7,21518.0,702002,115991.88,7
8,23127.019999999997,702002,127312.68,8
9,28924.400000000005,702002,139179.9,9
10,35620.149999999994,702002,159234.95,10
11,39347.64,702002,171127.28,11
12,51360.19,702002,180928.69,12
13,52504.0,702002,191571.74000000002,13
14,52504.0,702002,199529.1,14
15,53851.12000000001,702002,207331.12,15
16,64448.200000000004,702002,213288.69,16
17,67510.0,702002,221709.8,17
18,67510.0,702002,234584.24000000002,18
19,70996.40000000002,702002,242873.19999999998,19
20,88795.67999999996,702002,250425.57000000004,20
21,109351.71999999999,702002,256448.58,21
22,116500.27,702002,271563.09,22
23,135427.31999999998,702002,285800.27999999997,23
24,154049.0,702002,296575.5,24
25,161523.74000000002,702002,310768.68,25
26,185278.32,702002,316114.27,26
27,191064.64,702002,327819.08,27
28,196202.67999999993,702002,337431.54000000004,28
29,217640.10000000003,702002,348373.69999999995,29
30,235729.30000000002,702002,362734.03,30
31,245433.91999999998,702002,368146.4,31
32,254049.94000000006,702002,376593.62,32
33,286457.76000000007,702002,387491.94000000006,33
34,324504.94999999984,702002,397912.7,34
35,351487.5199999999,702002,408216.04,35
36,361657.04,702002,419524.20999999996,36
37,372614.72000000003,702002,429364.0,37
38,386448.78,702002,444823.76999999996,38
39,399957.20000000007,702002,463661.4,39
40,421442.23,702002,473241.08999999997,40
41,430393.76,702002,483702.24000000005,41
42,464781.87999999995,702002,498145.93,42
43,499830.1599999999,702002,508483.72000000003,43
44,535452.7,702002,520700.9000000001,44
45,599470.04,702002,528167.52,45
46,622805.6799999999,702002,536226.4199999999,46
47,669526.8,702002,545416.04,47
48,738612.34,702002,553000.0,48
49,757962.0,702002,563879.0,49
50,804536.5700000001,702002,574995.04,50
51,839591.24,702002,581883.24,51
52,943185.8800000001,702002,592811.74,52
53,1000073.76,702002,605576.48,53
54,1046972.9000000001,702002,624032.1000000001,54
55,1310733.6400000025,702002,634956.8,55
56,1399500.4499999997,702002,648901.1599999999,56
57,1405817.46,702002,660878.1399999999,57
58,1421311.3699999996,702002,670416.7000000001,58
59,1534562.000000001,702002,690125.2,59
60,1802656.58,702002,709143.8500000001,60
61,1809001.04,702002,729765.9199999999,61
62,1867983.5299999998,702002,748983.3800000001,62
63,1997592.2000000004,702002,777169.6,63
64,2056295.0,702002,806590.45,64
65,2056295.0,702002,824955.1600000001,65
66,2056295.0,702002,841290.48,66
67,2064899.7200000002,702002,862083.9600000001,67
68,2130897.86,702002,883704.07,68
69,2251141.699999999,702002,910032.0999999999,69
70,2377434.7,702002,935497.29,70
71,2404453.4399999976,702002,966425.72,71
72,2720536.25,702002,993422.21,72
73,2852171.0799999987,702002,1029092.7199999999,73
74,3050273.25,702002,1059518.5,74
75,3217489.600000002,702002,1082085.2,75
76,3438141.8,702002,1118061.96,76
77,3489136.340000001,702002,1142551.26,77
78,3526407.4299999997,702002,1184925.31,78
79,3700985.4000000022,702002,1240150.6000000003,79
80,3903929.8000000003,702002,1296280.3700000003,80
81,4105785.319999999,702002,1346823.96,81
82,4256372.91,702002,1403317.8699999999,82
83,4323005.52,702002,1466470.320000001,83
84,4401761.65,702002,1508355.45,84
85,4446337.4799999995,702002,1570561.9199999997,85
86,4550800.040000001,702002,1632812.3900000001,86
87,4893548.639999995,702002,1689260.0,87
88,6125466.330000002,702002,1769240.93,88
89,6598379.999999999,702002,1848889.3000000003,89
90,6976852.940000003,702002,1921652.4300000002,90
91,7465173.52,702002,2005754.7200000002,91
92,7864694.9700000025,702002,2124328.670000001,92
93,9678999.519999996,702002,2299455.6799999997,93
94,11081473.849999996,702002,2547129.9499999997,94
95,18685502.15999999,702002,2820708.000000001,95
96,22488353.64999999,702002,3212766.5800000047,96
97,54992666.13999998,702002,3742196.3999999873,97
0,0.0,701902,0.0,0
1,0.0,701902,0.0,1
2,0.0,701902,63293.899999999994,2
3,0.0,701902,106570.59999999999,3
4,0.0,701902,121413.5,4
5,0.0,701902,127777.8,5
6,0.0,701902,161353.7,6
7,0.0,701902,177228.4,7
8,105518.75999999998,701902,186940.3,8
9,164303.8,701902,206097.0,9
10,225422.84,701902,231774.4,10
11,244020.03999999998,701902,256296.0,11
12,268954.2200000001,701902,266049.9,12
13,315078.36000000016,701902,281354.2,13
14,352925.69999999995,701902,305391.5,14
15,379648.32,701902,321609.19999999995,15
16,413752.30000000016,701902,355190.2,16
17,468246.0,701902,372346.4,17
18,529069.26,701902,375133.7,18
19,551275.0,701902,379778.0,19
20,591563.4,701902,380544.30000000005,20
21,669287.72,701902,433952.79999999993,21
22,731374.1000000001,701902,472612.4,22
23,784770.12,701902,518668.0,23
24,846619.0,701902,544640.5,24
25,889706.68,701902,548590.0,25
26,943181.36,701902,551185.6,26
27,1013337.6400000008,701902,583519.4,27
28,1093498.5399999998,701902,602581.7999999999,28
29,1144944.8,701902,625000.0,29
30,1215833.08,701902,642679.0,30
31,1268537.0,701902,656560.4,31
32,1346453.7999999998,701902,662583.1,32
33,1382399.6400000006,701902,672412.2,33
34,1504840.3999999994,701902,699249.9999999998,34
35,1658025.7599999998,701902,715314.7999999999,35
36,1816716.7999999996,701902,747321.9,36
37,1913736.6400000001,701902,785928.5999999999,37
38,2022088.78,701902,815244.5,38
39,2065317.8000000003,701902,829842.0,39
40,2091357.16,701902,874817.7000000001,40
41,2154784.4399999995,701902,901403.8,41
42,2245960.54,701902,935456.6999999997,42
43,2354560.28,701902,1041481.5999999997,43
44,2512730.5000000005,701902,1103369.5,44
45,2603771.24,701902,1134008.8,45
46,2708557.1799999997,701902,1159921.4,46
47,2795431.5999999996,701902,1177428.8,47
48,2922909.7800000003,701902,1204252.5,48
49,2963748.0,701902,1220880.0,49
50,3106820.04,701902,1250439.4000000001,50
51,3183976.96,701902,1263076.0,51
52,3255505.72,701902,1413082.3000000003,52
53,3396856.7600000007,701902,1433617.8000000003,53
54,3538994.1000000006,701902,1473688.5000000002,54
55,3648681.120000001,701902,1625036.0,55
56,3681085.0,701902,1674164.9999999995,56
57,3696373.44,701902,1927118.9999999995,57
58,3930961.38,701902,2250940.4,58
59,4136100.0,701902,2270969.0,59
60,4259572.859999999,701902,2341142.1,60
61,4433482.24,701902,2579938.4000000013,61
62,4537827.68,701902,2687260.0,62
63,4693329.0,701902,2713267.2,63
64,5012275.600000001,701902,2834412.0,64
65,5318982.6800000025,701902,3061836.0,65
66,5535346.040000002,701902,3115998.0,66
67,5634926.000000001,701902,3381255.8000000017,67
68,5993215.159999996,701902,3562189.5,68
69,6552088.599999996,701902,3687195.9999999986,69
70,7125934.18,701902,3774766.5999999996,70
71,7283959.599999998,701902,3798213.4,71
72,7462107.0,701902,3995694.8,72
73,7645560.84,701902,4072259.0,73
74,7976340.5,701902,4191324.5,74
75,8782518.76,701902,4348873.8,75
76,9628095.520000003,701902,4422952.9,76
77,10258658.480000002,701902,4453978.6,77
78,10694037.020000003,701902,4496324.5,78
79,11272995.20000001,701902,4560238.0,79
80,12061488.380000012,701902,4958046.900000006,80
81,13403372.359999994,701902,5288797.4,81
82,14235446.499999994,701902,5407478.999999999,82
83,15465710.799999993,701902,5693692.799999999,83
84,17702831.699999988,701902,5761103.5,84
85,19534974.599999998,701902,5973664.599999995,85
86,21062623.9,701902,6371693.9,86
87,22258016.0,701902,6766811.199999999,87
88,23493180.6,701902,7032534.300000004,88
89,24419149.80000001,701902,8124168.0,89
90,25950876.800000012,701902,11913705.300000003,90
91,27842593.520000044,701902,14142117.600000024,91
92,30247982.380000003,701902,16875314.9,92
93,33762616.59999992,701902,17075911.999999996,93
94,40340684.69999998,701902,17597791.0,94
95,45633431.47999999,701902,18628807.39999995,95
96,51474344.33999998,701902,25791613.20000002,96
97,63938209.079999976,701902,39960896.79999995,97
0,25936.72,269000,96681.06,0
1,37124.44,269000,111666.96,1
2,48312.159999999996,269000,122065.82,2
3,59499.880000000005,269000,132620.64,3
4,70687.6,269000,138723.80000000002,4
5,81875.31999999999,269000,146073.2,5
6,93063.04000000001,269000,150070.08000000002,6
7,104250.76000000001,269000,159060.16,7
8,132776.32,269000,165357.58,8
9,169970.80000000005,269000,172015.8,9
10,207165.28000000003,269000,180810.4,10
11,244359.76,269000,187931.44,11
12,281554.24,269000,203123.4,12
13,318748.72000000003,269000,217562.6,13
14,355943.19999999995,269000,231525.9,14
15,393137.68,269000,248444.2,15
16,431759.60000000003,269000,270890.68000000005,16
17,473236.4,269000,287027.0,17
18,514713.20000000007,269000,325326.92000000004,18
19,556190.0000000001,269000,346377.60000000003,19
20,597666.8,269000,371166.45999999996,20
21,639143.6000000001,269000,404973.36,21
22,680620.4000000001,269000,431920.92000000004,22
23,722097.2,269000,461818.1599999999,23
24,763574.0,269000,485270.5,24
25,825314.8400000001,269000,513225.8800000001,25
26,887055.6800000002,269000,547313.1799999999,26
27,948796.5200000001,269000,565154.4800000001,27
28,1010537.3599999998,269000,584343.0599999999,28
29,1072278.1999999997,269000,602828.4,29
30,1134019.0399999998,269000,626458.2,30
31,1195759.88,269000,644295.24,31
32,1257500.72,269000,662286.2,32
33,1307748.52,269000,674652.68,33
34,1352249.7999999998,269000,695051.4999999999,34
35,1396751.08,269000,714889.6,35
36,1441252.3599999999,269000,734079.1,36
37,1485753.6400000001,269000,747153.6000000001,37
38,1530254.92,269000,771139.02,38
39,1574756.2000000002,269000,785135.2000000001,39
40,1619257.48,269000,809197.4999999998,40
41,1649697.6,269000,825664.2,41
42,1652015.4,269000,845001.26,42
43,1654333.2,269000,858350.0,43
44,1656651.0,269000,880771.9,44
45,1658968.7999999998,269000,904601.16,45
46,1661286.6,269000,923461.2399999999,46
47,1663604.4,269000,948814.6,47
48,1665922.2,269000,970969.78,48
49,1668240.0,269000,985514.0,49
50,1680288.1199999999,269000,1012988.78,50
51,1692336.24,269000,1026940.04,51
52,1704384.3599999999,269000,1045216.9600000002,52
53,1716432.48,269000,1066267.12,53
54,1728480.6,269000,1092071.3000000003,54
55,1740528.7200000002,269000,1113495.32,55
56,1752576.8399999999,269000,1130824.9,56
57,1764624.96,269000,1153365.3199999996,57
58,1788921.6400000001,269000,1166385.1599999997,58
59,1819342.5999999999,269000,1198945.2,59
60,1849763.56,269000,1238140.52,60
61,1880184.52,269000,1267976.2,61
62,1910605.4800000002,269000,1290082.7000000002,62
63,1941026.44,269000,1327981.1600000001,63
64,1971447.4000000001,269000,1362905.6,64
65,2001868.3599999999,269000,1389959.56,65
66,2035457.0400000003,269000,1426195.2000000002,66
67,2075381.1600000001,269000,1458431.3600000006,67
68,2115305.28,269000,1490403.54,68
69,2155229.3999999994,269000,1518535.7999999998,69
70,2195153.52,269000,1543452.2,70
71,2235077.64,269000,1589613.56,71
72,2275001.76,269000,1624080.8199999998,72
73,2314925.88,269000,1691841.92,73
74,2354850.0,269000,1730340.0,74
75,2436045.7200000007,269000,1768092.2400000002,75
76,2517241.4400000004,269000,1804233.5200000003,76
77,2598437.1599999997,269000,1831052.9200000002,77
78,2679632.8800000004,269000,1864421.6600000001,78
79,2760828.600000001,269000,1923761.8000000017,79
80,2842024.3200000008,269000,1958745.04,80
81,2923220.04,269000,1987027.0,81
82,3004415.7599999993,269000,2058821.0399999998,82
83,3598310.6000000006,269000,2127098.8399999994,83
84,4448554.999999994,269000,2172127.3999999994,84
85,5298799.400000002,269000,2261991.04,85
86,6149043.799999996,269000,2309038.02,86
87,6999288.200000004,269000,2365917.52,87
88,7849532.599999998,269000,2437252.1000000006,88
89,8699777.000000006,269000,2540099.6,89
90,9550021.4,269000,2605877.200000001,90
91,12465450.200000055,269000,2755782.1600000006,91
92,19511247.80000001,269000,2882996.2600000002,92
93,26557045.39999996,269000,2993354.2399999993,93
94,33602842.99999992,269000,3196533.4999999995,94
95,40648640.59999997,269000,3389449.719999999,95
96,47694438.20000003,269000,3641769.5,96
97,54740235.79999999,269000,3937349.68,97
0,274789.35,269800,61598.64,0
1,304596.7,269800,65223.0,1
2,334404.05,269800,68766.92,2
3,364211.4,269800,71235.24,3
4,394018.75,269800,73831.4,4
5,423826.1,269800,77263.36,5
6,453633.45,269800,85528.84000000001,6
7,483440.80000000005,269800,95452.92000000001,7
8,513248.15,269800,102535.6,8
9,543055.5,269800,113965.0,9
10,572862.85,269800,120965.95999999999,10
11,602670.2,269800,128260.95999999999,11
12,632477.5499999999,269800,138072.4,12
13,662284.9,269800,146419.80000000013,13
14,692092.25,269800,167855.39999999997,14
15,721899.6000000001,269800,176781.72,15
16,751706.95,269800,185169.96000000002,16
17,781514.3,269800,191447.4,17
18,811321.6499999999,269800,205008.64,18
19,841129.0,269800,214908.6,19
20,855886.4,269800,225296.64,20
21,870643.8,269800,234828.75999999995,21
22,885401.2000000001,269800,247547.56000000003,22
23,900158.6,269800,250296.08000000002,23
24,914916.0,269800,258822.0,24
25,929673.3999999999,269800,265023.4,25
26,944430.8,269800,269899.2,26
27,959188.2000000001,269800,280121.20000000007,27
28,973945.6,269800,288298.0,28
29,988703.0,269800,298156.19999999995,29
30,1003460.4000000001,269800,310487.36,30
31,1018217.8,269800,330179.68000000005,31
32,1032975.2000000001,269800,343456.72,32
33,1047732.6000000001,269800,351879.28,33
34,1062490.0,269800,367204.0,34
35,1077247.4,269800,376172.0,35
36,1092004.8,269800,383124.19999999995,36
37,1106762.2,269800,392902.4,37
38,1121519.6,269800,401099.76,38
39,1136277.0,269800,416399.4,39
40,1137323.0999999999,269800,425766.56,40
41,1138369.2,269800,432356.88,41
42,1139415.3,269800,436913.24,42
43,1140461.4,269800,441917.2,43
44,1141507.5,269800,451384.2,44
45,1142553.6,269800,461105.28,45
46,1143599.7,269800,466797.3999999999,46
47,1144645.8,269800,481143.6399999999,47
48,1145691.9,269800,486557.76,48
49,1146738.0,269800,496508.0,49
50,1147784.1,269800,502828.44000000006,50
51,1148830.2,269800,507278.56,51
52,1149876.3,269800,509811.6,52
53,1150922.4,269800,512367.6000000001,53
54,1151968.5,269800,526077.2,54
55,1153014.6,269800,535427.3600000001,55
56,1154060.7,269800,558035.24,56
57,1155106.8,269800,567683.5199999999,57
58,1156152.9,269800,597464.88,58
59,1157199.0,269800,617656.7999999999,59
60,1224411.2499999998,269800,629619.1199999999,60
61,1291623.5,269800,655475.4400000001,61
62,1358835.75,269800,676519.3999999999,62
63,1426048.0000000002,269800,687109.6,63
64,1493260.25,269800,701080.2,64
65,1560472.5000000005,269800,718434.0,65
66,1627684.75,269800,727403.56,66
67,1694897.0000000005,269800,741752.1200000001,67
68,1762109.2499999995,269800,756359.72,68
69,1829321.5,269800,766951.9999999999,69
70,1896533.7499999998,269800,792197.3600000001,70
71,1963745.9999999995,269800,804921.4,71
72,2030958.25,269800,812593.16,72
73,2098170.5000000005,269800,821453.5199999999,73
74,2165382.75,269800,832320.0,74
75,2232594.9999999995,269800,845052.4400000002,75
76,2299807.2500000005,269800,860760.3999999999,76
77,2367019.5000000005,269800,882007.3200000001,77
78,2434231.75,269800,899376.0,78
79,2501444.0,269800,911496.4,79
80,3049287.700000008,269800,930508.6800000003,80
81,3597131.399999996,269800,938393.8399999999,81
82,4144975.099999994,269800,948660.76,82
83,4692818.800000002,269800,970326.12,83
84,5240662.5,269800,1023687.9999999998,84
85,5788506.199999998,269800,1056519.9999999998,85
86,6336349.899999996,269800,1146225.8400000008,86
87,6884193.600000004,269800,1244487.4799999997,87
88,7432037.300000002,269800,1309939.4800000002,88
89,7979881.0,269800,1374985.8,89
90,8527724.699999997,269800,1472458.4,90
91,9075568.400000006,269800,1561568.0,91
92,9623412.100000003,269800,1608505.8400000003,92
93,10171255.799999991,269800,1775634.719999999,93
94,10719099.5,269800,1936321.5999999994,94
95,11266943.2,269800,2154827.319999995,95
96,11814786.899999997,269800,2572670.879999999,96
97,12362630.600000003,269800,3202032.3200000003,97
0,146354.62,269300,84349.40000000001,0
1,160774.24,269300,89557.4,1
2,189889.32,269300,93434.29999999999,2
3,226098.76,269300,96961.8,3
4,250064.75,269300,102903.0,4
5,251176.3,269300,107500.6,5
6,252346.07,269300,111388.20000000001,6
7,255961.08,269300,115795.4,7
8,259576.09,269300,121621.20000000001,8
9,262543.4,269300,128087.0,9
10,265230.04000000004,269300,136278.5,10
11,276409.80000000005,269300,147945.0,11
12,301921.7,269300,154121.5,12
13,326572.63999999996,269300,169222.6,13
14,333573.9,269300,184500.5,14
15,340575.16,269300,218218.60000000003,15
16,348459.92000000004,269300,245184.30000000008,16
17,356686.68,269300,272035.39999999997,17
18,361965.47,269300,297425.20000000007,18
19,362735.6,269300,330895.0,19
20,364056.47,269300,360943.5,20
21,372720.54000000004,269300,397465.0,21
22,381384.61000000004,269300,434987.5,22
23,395406.44,269300,447489.0,23
24,411270.0,269300,459564.0,24
25,423848.56,269300,486477.2000000002,25
26,431864.62000000005,269300,511324.80000000005,26
27,439634.8,269300,539305.6000000001,27
28,445007.65,269300,563077.2,28
29,450380.5,269300,597179.0,29
30,469209.1,269300,613146.8999999999,30
31,492115.19999999995,269300,632601.8,31
32,529125.1900000002,269300,646554.9000000001,32
33,583950.6200000001,269300,659783.8,33
34,642090.3499999997,269300,681684.5,34
35,725418.7599999998,269300,705742.5999999999,35
36,808747.1699999999,269300,722676.7,36
37,831561.3599999999,269300,739401.6000000001,37
38,838357.08,269300,758695.0,38
39,842782.6,269300,773057.0,39
40,844482.39,269300,793888.6,40
41,849846.32,269300,818964.3999999997,41
42,877805.7799999999,269300,839483.7000000001,42
43,905765.2400000001,269300,862767.4000000001,43
44,913916.45,269300,878351.5,44
45,917540.0599999999,269300,891239.2,45
46,932854.1599999998,269300,916691.6999999998,46
47,960415.4400000001,269300,940936.6,47
48,988175.9400000001,269300,964119.3,48
49,1016961.0,269300,973751.0,49
50,1045746.0599999999,269300,981725.0,50
51,1074850.7999999998,269300,1005560.8000000003,51
52,1104017.7000000002,269300,1027635.8,52
53,1128141.1,269300,1049500.2000000002,53
54,1147450.25,269300,1063380.0000000005,54
55,1168268.52,269300,1080886.2000000002,55
56,1195689.19,269300,1098772.6,56
57,1223109.8599999999,269300,1120701.9999999998,57
58,1240280.05,269300,1142290.5999999996,58
59,1255788.0,269300,1170136.0,59
60,1292165.92,269300,1183559.1,60
61,1346691.64,269300,1205451.4,61
62,1402194.22,269300,1224904.6,62
63,1461387.16,269300,1248448.2000000002,63
64,1520580.0999999999,269300,1268504.0,64
65,1534668.1800000002,269300,1306925.600000001,65
66,1542821.41,269300,1353974.4000000001,66
67,1561318.1600000001,269300,1377034.2,67
68,1588003.5299999998,269300,1402570.4,68
69,1609477.6,269300,1440977.9999999995,69
70,1613754.38,269300,1456494.1,70
71,1618031.16,269300,1485927.5999999996,71
72,1630153.1800000002,269300,1511307.0999999996,72
73,1643079.84,269300,1542442.0,73
74,1707365.5,269300,1580148.0,74
75,1808629.6400000001,269300,1616455.2000000002,75
76,1890936.27,269300,1640137.7999999998,76
77,1918093.78,269300,1687164.0,77
78,1945251.29,269300,1715241.6000000003,78
79,2076950.7999999993,269300,1748411.0,79
80,2216490.960000002,269300,1772946.0000000005,80
81,2301483.38,269300,1811506.4,81
82,2350809.9699999997,269300,1856005.3000000003,82
83,2417411.519999999,269300,1913694.4,83
84,2528640.049999999,269300,1966036.0,84
85,2639868.579999999,269300,2036952.6000000006,85
86,2673117.16,269300,2104318.7,86
87,2702561.8400000003,269300,2162918.4,87
88,2874440.430000002,269300,2222584.2999999993,88
89,3130724.3000000017,269300,2288880.0,89
90,3319660.11,269300,2341918.7,90
91,3353177.3200000003,269300,2466707.5999999987,91
92,3386694.5300000003,269300,2630035.9,92
93,3606171.7799999975,269300,2759670.599999999,93
94,3830076.6500000004,269300,2883752.5,94
95,4063565.3600000003,269300,2960855.5999999987,95
96,4302188.2700000005,269300,3215046.4999999995,96
97,5964844.4200000055,269300,3518210.000000001,97
0,0.0,267200,107631.56000000001,0
1,85720.20000000001,267200,116101.12,1
2,150587.2,267200,124039.4,2
3,171288.60000000003,267200,132076.0,3
4,197773.0,267200,141701.0,4
5,202483.0,267200,156985.12,5
6,215894.30000000002,267200,169151.0,6
7,219128.4,267200,185075.72,7
8,224150.3,267200,204732.59999999998,8
9,230504.0,267200,220622.8,9
10,234707.9,267200,234637.19999999998,10
11,247050.4,267200,250440.28,11
12,283014.6000000001,267200,260731.52000000002,12
13,289868.00000000006,267200,271696.68,13
14,298796.0,267200,280187.8,14
15,305302.4,267200,294097.2,15
16,325036.9000000001,267200,306476.16000000003,16
17,390521.7999999998,267200,315203.36,17
18,460129.5,267200,331508.0,18
19,507028.0,267200,343874.8,19
20,515011.4,267200,351193.36,20
21,530945.0,267200,356564.95999999996,21
22,555049.2000000001,267200,365199.12,22
23,593868.4,267200,372285.96,23
24,617138.5,267200,381691.0,24
25,629168.6,267200,388848.24000000005,25
26,633368.7999999999,267200,398657.56,26
27,676161.2000000004,267200,404753.48,27
28,721334.6,267200,412144.92000000004,28
29,726191.0,267200,420216.19999999995,29
30,826604.7999999999,267200,429674.80000000005,30
31,845720.6000000001,267200,436465.8,31
32,865048.6,267200,447930.04000000004,32
33,871719.4,267200,458610.80000000005,33
34,874418.0,267200,468153.99999999994,34
35,880374.2,267200,473205.52,35
36,885023.8,267200,479471.76,36
37,913284.2,267200,490079.24000000005,37
38,939836.3999999999,267200,499999.24,38
39,973760.0,267200,507496.2,39
40,1025698.0999999999,267200,515680.27999999997,40
41,1071237.2,267200,524349.72,41
42,1092341.6,267200,534628.52,42
43,1160973.8,267200,537385.5599999999,43
44,1184815.5,267200,543942.2,44
45,1222650.8,267200,551309.96,45
46,1315582.0999999999,267200,560793.04,46
47,1335431.0,267200,569491.28,47
48,1346042.7,267200,581654.6,48
49,1388988.0,267200,589914.0,49
50,1417916.1999999997,267200,600322.48,50
51,1531570.2000000011,267200,613350.3600000001,51
52,1683481.4000000006,267200,624771.48,52
53,1738532.4000000001,267200,633781.64,53
54,1771948.0,267200,645310.2000000001,54
55,1792052.4000000001,267200,656959.4400000001,55
56,1840702.3,267200,664406.8799999999,56
57,1853336.9999999998,267200,675267.72,57
58,1879566.9,267200,688072.0,58
59,1914405.0,267200,698867.5999999999,59
60,2019389.3,267200,708384.24,60
61,2046476.0,267200,722950.5200000001,61
62,2075651.9000000001,267200,730632.3999999999,62
63,2142000.0,267200,744144.96,63
64,2173686.5,267200,759703.6000000001,64
65,2207958.6,267200,771543.9599999998,65
66,2250734.400000001,267200,781965.48,66
67,2346534.8000000003,267200,790964.3600000001,67
68,2388092.7999999993,267200,800076.48,68
69,2466866.0,267200,806852.8,69
70,2488431.4,267200,817381.7199999999,70
71,2552675.6,267200,833706.04,71
72,2585597.2,267200,847246.68,72
73,2604837.4000000004,267200,864946.56,73
74,2854263.0,267200,878284.0,74
75,3228955.7999999993,267200,890136.3200000001,75
76,3572754.0000000005,267200,907638.1599999999,76
77,3609174.0,267200,930440.52,77
78,3851028.900000001,267200,944460.0000000001,78
79,4010016.0,267200,967547.0,79
80,4132673.3000000007,267200,989650.4400000002,80
81,4286946.799999999,267200,1019378.72,81
82,4572200.099999998,267200,1043698.0,82
83,4660560.8,267200,1072137.7600000002,83
84,4717498.0,267200,1111172.4,84
85,4905507.199999999,267200,1168440.24,85
86,5119779.499999999,267200,1208692.32,86
87,5349621.4,267200,1269358.2399999995,87
88,5487168.300000001,267200,1327547.76,88
89,5606590.0,267200,1400200.8,89
90,6049624.699999999,267200,1477111.7599999998,90
91,6258824.2,267200,1530066.6800000002,91
92,7038521.3000000045,267200,1608369.88,92
93,7450294.999999991,267200,1701995.5199999998,93
94,9954129.5,267200,1808867.9999999995,94
95,12708349.599999998,267200,1955942.4799999995,95
96,15270419.099999988,267200,2176587.9999999995,96
97,26499199.9999998,267200,2718129.280000006,97
0,32451.260000000002,262802,3142.7200000000007,0
1,39065.52,262802,40031.86,1
2,43006.56,262802,74395.67,2
3,45657.08,262802,105048.64,3
4,47927.2,262802,124196.9,4
5,49487.240000000005,262802,134002.94,5
6,51011.0,262802,157889.86000000004,6
7,51011.0,262802,169901.44,7
8,51011.0,262802,185381.56,8
9,51011.0,262802,202942.7,9
10,51011.0,262802,220844.97,10
11,51583.96,262802,239201.32,11
12,53123.78999999999,262802,254258.8,12
13,54789.020000000004,262802,271108.92000000004,13
14,59024.950000000004,262802,296783.75,14
15,63260.880000000005,262802,312125.84,15
16,69223.51000000001,262802,327795.44000000006,16
17,75854.54,262802,345366.0,17
18,80295.63,262802,378589.67000000004,18
19,81387.4,262802,419957.20000000007,19
20,82496.15,262802,436524.51999999996,20
21,83831.3,262802,480112.16000000003,21
22,85166.45000000001,262802,517826.27999999997,22
23,86123.36,262802,550767.8400000001,23
24,86950.25,262802,588165.5,24
25,87715.4,262802,632999.06,25
26,88394.8,262802,693249.16,26
27,89081.44,262802,726389.04,27
28,89838.67,262802,765310.29,28
29,90595.9,262802,799146.2,29
30,90906.97,262802,834658.03,30
31,91082.84,262802,870408.6400000001,31
32,91337.94,262802,898463.3499999999,32
33,91693.12,262802,955208.3600000001,33
34,92030.15,262802,980158.7,34
35,92229.23999999999,262802,1013559.9200000002,35
36,92428.33,262802,1067487.17,36
37,92840.94,262802,1094687.5,37
38,93310.06999999999,262802,1132755.03,38
39,93561.0,262802,1174177.4000000001,39
40,93561.0,262802,1211970.0799999998,40
41,93932.09999999999,262802,1255528.92,41
42,96591.65,262802,1288748.43,42
43,99251.20000000001,262802,1321648.72,43
44,108986.70000000004,262802,1367447.5000000002,44
45,120339.56000000003,262802,1426894.08,45
46,129096.18999999997,262802,1474009.95,46
47,135132.96000000002,262802,1520380.04,47
48,142910.28,262802,1572716.5799999996,48
49,159639.0,262802,1629854.5,49
50,176367.71999999997,262802,1668818.53,50
51,181752.84,262802,1724702.1199999999,51
52,184932.26000000004,262802,1774110.6400000001,52
53,187965.38,262802,1820446.9200000002,53
54,190858.85,262802,1859912.75,54
55,197532.72000000012,262802,1921299.1600000001,55
56,220745.83999999988,262802,1952157.46,56
57,243958.95999999988,262802,1982565.06,57
58,248480.41999999998,262802,2018736.6,58
59,249970.80000000002,262802,2086205.7999999998,59
60,254514.2,262802,2142594.13,60
61,261712.40000000002,262802,2216135.6999999997,61
62,271027.13,262802,2274886.11,62
63,288337.63999999996,262802,2321641.16,63
64,305648.14999999997,262802,2401585.2500000005,64
65,343137.8000000003,262802,2477698.6399999997,65
66,383282.6000000002,262802,2538385.1100000003,66
67,408672.68000000005,262802,2591421.6,67
68,422381.93999999994,262802,2653260.0199999996,68
69,433885.4,262802,2712826.5,69
70,438109.72,262802,2779373.43,70
71,442334.04,262802,2907664.3600000003,71
72,457818.44,262802,2998785.41,72
73,474457.72000000003,262802,3078995.36,73
74,530499.25,262802,3194246.75,74
75,614910.3999999999,262802,3279855.44,75
76,678087.7,262802,3404441.3900000006,76
77,679493.8,262802,3525307.9799999995,77
78,680899.9,262802,3603243.55,78
79,684769.2,262802,3718329.2,79
80,688823.24,262802,3864818.39,80
81,691176.88,262802,3947284.379999999,81
82,692418.72,262802,4069665.79,82
83,739987.2799999991,262802,4188970.32,83
84,907233.1999999988,262802,4398169.399999999,84
85,1074479.1199999987,262802,4572666.219999999,85
86,1149447.1599999995,262802,4750629.64,86
87,1219913.8400000005,262802,4967362.24,87
88,1299317.5200000005,262802,5225573.550000003,88
89,1384017.2000000007,262802,5427240.6,89
90,1450437.19,262802,5747547.389999996,90
91,1474673.2800000003,262802,6074177.24,91
92,1498909.37,262802,6479064.000000006,92
93,1596972.6399999987,262802,7194966.719999997,93
94,1696793.7000000004,262802,7922425.5,94
95,1779335.6800000002,262802,8728820.64,95
96,1852621.01,262802,9752013.28000002,96
97,1941193.36,262802,11090243.539999992,97
0,103998.9,702202,70427.6,0
1,106978.79999999999,702202,77742.88,1
2,109958.7,702202,80997.68000000001,2
3,111306.6,702202,85577.12,3
4,112603.5,702202,89684.3,4
5,113900.4,702202,93830.8,5
6,117104.11,702202,98051.38,6
7,120430.84,702202,102090.36,7
8,123757.56999999999,702202,106904.52,8
9,125223.1,702202,111059.8,9
10,126502.51,702202,116923.58,10
11,127781.92,702202,125813.32,11
12,131311.44,702202,134068.88,12
13,135151.32,702202,142256.24000000002,13
14,138991.2,702202,155101.19999999998,14
15,142165.24,702202,166550.16,15
16,145220.38,702202,188426.52000000002,16
17,148275.52,702202,209332.63999999998,17
18,148950.07,702202,230005.38,18
19,149095.6,702202,252085.40000000008,19
20,149241.13,702202,270126.3,20
21,164231.87999999998,702202,280012.52,21
22,183219.42000000004,702202,294097.12,22
23,202206.96,702202,305912.24000000005,23
24,210460.75,702202,322423.5,24
25,215279.74,702202,340329.8,25
26,220098.73,702202,372416.4600000001,26
27,231145.0,702202,382598.88,27
28,244526.49999999994,702202,392920.28,28
29,257908.00000000003,702202,403116.2,29
30,268505.35000000003,702202,413200.77999999997,30
31,277892.2,702202,426785.00000000006,31
32,287279.05000000005,702202,438552.06,32
33,295764.56,702202,449759.52,33
34,303799.39999999997,702202,468223.3999999999,34
35,311834.24,702202,478193.76,35
36,333176.9899999999,702202,489513.6,36
37,362124.2600000001,702202,510929.44000000006,37
38,391071.5300000001,702202,521866.04,38
39,402809.60000000003,702202,532962.8,39
40,403361.69,702202,548365.8,40
41,403913.78,702202,564934.8799999999,41
42,420057.83999999997,702202,581510.88,42
43,447690.72,702202,591924.8400000001,43
44,475323.6,702202,606840.4,44
45,533273.7000000004,702202,618775.0,45
46,616488.1499999999,702202,628453.04,46
47,699702.6,702202,645321.6,47
48,760057.3199999997,702202,657531.88,48
49,798897.0,702202,671232.0,49
50,837736.6800000003,702202,688681.0,50
51,876306.1200000001,702202,701258.76,51
52,914588.4300000002,702202,716277.0599999999,52
53,952870.74,702202,732188.52,53
54,989294.4000000003,702202,752119.6000000001,54
55,1023487.68,702202,771441.68,55
56,1057680.96,702202,790708.26,56
57,1121836.899999999,702202,806397.9999999999,57
58,1226656.4499999997,702202,819446.5199999997,58
59,1331476.0000000002,702202,843820.3999999999,59
60,1409733.69,702202,868010.36,60
61,1447126.98,702202,881628.7599999998,61
62,1484520.27,702202,905307.04,62
63,1521244.32,702202,927498.4800000001,63
64,1556797.2,702202,942982.5000000001,64
65,1592350.08,702202,961770.1200000001,65
66,1638644.6800000006,702202,993611.24,66
67,1706422.7200000002,702202,1021108.0,67
68,1774200.7599999998,702202,1042620.9199999998,68
69,1824142.4,702202,1068415.7999999998,69
70,1833060.3199999998,702202,1103512.3599999999,70
71,1841978.24,702202,1122327.24,71
72,1853217.26,702202,1141806.4,72
73,1870645.88,702202,1164699.96,73
74,1888074.5,702202,1203761.0,74
75,1921554.8000000005,702202,1232009.12,75
76,2005196.6,702202,1246619.3599999999,76
77,2088838.4000000006,702202,1284630.48,77
78,2167501.59,702202,1321444.3400000003,78
79,2227672.8000000003,702202,1369974.2000000007,79
80,2287844.01,702202,1391995.7400000002,80
81,2377880.0999999987,702202,1414817.76,81
82,2602308.149999998,702202,1469394.8399999996,82
83,2826736.1999999993,702202,1492311.4,83
84,3034602.0,702202,1512850.7999999996,84
85,3149719.1999999997,702202,1555213.44,85
86,3264836.4000000004,702202,1601589.38,86
87,3381452.1599999997,702202,1650999.96,87
88,3508932.4800000004,702202,1699667.980000001,88
89,3636412.8,702202,1734306.0,89
90,3777723.180000001,702202,1766781.52,90
91,4057334.160000003,702202,1808526.8,91
92,4336945.140000001,702202,1848765.6,92
93,4656041.439999999,702202,1893868.8000000003,93
94,5587160.199999994,702202,1934882.5999999992,94
95,6518278.959999999,702202,2058089.12,95
96,7421878.9799999995,702202,2204242.9799999986,96
97,7444879.319999999,702202,2455136.24,97
0,22304.800000000003,270100,49965.840000000004,0
1,43833.600000000006,270100,80236.0,1
2,63777.100000000006,270100,86366.43999999999,2
3,77700.8,270100,105733.6,3
4,82441.0,270100,111614.40000000001,4
5,86030.79999999999,270100,115343.91999999998,5
6,95928.1,270100,120440.23999999999,6
7,97996.6,270100,125239.68,7
8,102048.9,270100,135013.72,8
9,110486.0,270100,143741.80000000002,9
10,130690.80000000002,270100,151344.88,10
11,140857.6,270100,157814.88,11
12,143119.0,270100,168428.96000000002,12
13,143119.0,270100,178869.36,13
14,146813.0,270100,189599.0,14
15,153362.40000000002,270100,192660.72,15
16,163356.30000000002,270100,198544.40000000002,16
17,165692.40000000002,270100,206391.08000000002,17
18,166924.09999999998,270100,212355.32,18
19,168385.0,270100,217587.8,19
20,168816.2,270100,222341.84,20
21,169065.8,270100,225543.63999999998,21
22,171462.60000000003,270100,227496.72,22
23,187559.80000000002,270100,229599.47999999998,23
24,199104.5,270100,234211.0,24
25,206586.0,270100,243523.80000000002,25
26,208462.0,270100,248914.24,26
27,209779.40000000002,270100,255953.96000000002,27
28,216789.79999999993,270100,262209.88,28
29,231515.0,270100,267432.60000000003,29
30,231942.7,270100,276061.64,30
31,239466.00000000006,270100,283912.27999999997,31
32,252214.30000000002,270100,291547.68,32
33,264382.4,270100,302865.7200000001,33
34,275989.5,270100,320617.6,34
35,286814.2,270100,324133.52,35
36,296243.89999999997,270100,330224.28,36
37,309129.0,270100,336792.6,37
38,338595.9,270100,340255.72,38
39,389404.0,270100,350800.60000000003,39
40,391681.1,270100,357479.72,40
41,398794.19999999995,270100,362000.0,41
42,410411.29999999993,270100,367575.2,42
43,427290.4,270100,371786.88,43
44,438697.5,270100,377886.6,44
45,446466.4,270100,383942.60000000003,45
46,450611.8,270100,389668.92,46
47,471574.0,270100,396517.12,47
48,487608.3,270100,400995.32,48
49,493335.0,270100,410979.0,49
50,521486.90000000014,270100,434664.76,50
51,535716.0,270100,446529.4400000001,51
52,546317.8,270100,455690.55999999994,52
53,597808.4000000004,270100,463323.6000000002,53
54,612521.0,270100,474556.0,54
55,614816.6,270100,482207.76000000007,55
56,622847.7,270100,487905.15999999986,56
57,631811.7999999999,270100,497916.2799999999,57
58,652091.3999999999,270100,509724.04,58
59,687251.0,270100,514395.8,59
60,693073.6,270100,523344.72000000003,60
61,708771.0,270100,551067.88,61
62,729456.0,270100,563528.76,62
63,735630.0,270100,568315.24,63
64,741219.5,270100,576630.8,64
65,754361.8000000002,270100,584571.5200000001,65
66,786970.6000000003,270100,597202.0800000001,66
67,803191.6000000001,270100,607707.5600000002,67
68,813397.8,270100,630539.88,68
69,819226.0,270100,647804.5999999996,69
70,844254.4999999998,270100,692707.1999999997,70
71,892836.5999999999,270100,714788.48,71
72,955638.0,270100,746728.28,72
73,997763.9999999998,270100,766112.28,73
74,1013370.0,270100,785000.0,74
75,1024692.0000000001,270100,805149.6000000001,75
76,1051824.0,270100,821085.52,76
77,1139976.0000000002,270100,834550.96,77
78,1245343.2000000007,270100,889106.2800000003,78
79,1360104.0,270100,918725.6000000006,79
80,1468894.5000000005,270100,1002063.7200000001,80
81,1520414.2,270100,1091391.8799999992,81
82,1552323.3999999985,270100,1157488.5599999996,82
83,1724288.1999999993,270100,1234425.5199999993,83
84,1815920.0,270100,1268056.8,84
85,1870740.5999999996,270100,1348265.88,85
86,1913866.2,270100,1500000.0,86
87,2065135.2000000004,270100,1554611.08,87
88,2193221.6000000006,270100,1695158.4,88
89,2266366.0,270100,1819525.3999999994,89
90,2417289.5000000005,270100,1904530.4800000016,90
91,2629949.4000000022,270100,2109848.8800000018,91
92,2866748.100000001,270100,2200332.7200000007,92
93,2970565.8,270100,2397416.92,93
94,3549475.0,270100,2632735.2,94
95,4161555.200000001,270100,2772835.1999999993,95
96,4381471.399999998,270100,3326452.520000004,96
97,6958650.199999976,270100,4291122.400000004,97
0,100743.36,271200,59089.58,0
1,105671.64000000001,271200,64252.68,1
2,115887.95999999999,271200,72278.04000000001,2
3,121102.36,271200,75079.2,3
4,124642.59999999999,271200,80309.2,4
5,126071.72,271200,84048.52,5
6,128164.2,271200,88752.20999999999,6
7,131709.24,271200,96068.12,7
8,140590.52,271200,102926.89000000001,8
9,165370.60000000003,271200,109130.0,9
10,198483.16,271200,112754.91,10
11,213493.72,271200,119370.44,11
12,222883.48,271200,123973.79000000001,12
13,226652.44,271200,132171.4,13
14,228149.2,271200,133812.0,14
15,234814.32,271200,142846.08,15
16,250345.84000000003,271200,149898.72999999998,16
17,253970.92,271200,152950.52000000002,17
18,257491.24,271200,168382.77999999997,18
19,268940.2,271200,182680.59999999998,19
20,278565.36,271200,196591.0,20
21,286364.32,271200,217475.7,21
22,287182.88,271200,225648.76000000007,22
23,290974.68,271200,244287.63999999998,23
24,297079.0,271200,251468.25,24
25,303494.36,271200,261183.08000000002,25
26,307498.64,271200,269038.07,26
27,308402.96,271200,283525.4,27
28,321072.88,271200,298104.74,28
29,335097.2,271200,312061.9,29
30,348403.44,271200,323644.04000000004,30
31,361310.32,271200,330619.0,31
32,384561.52000000014,271200,333642.86,32
33,453214.96000000014,271200,338089.24,33
34,506260.3999999999,271200,355742.85,34
35,547762.56,271200,362761.32,35
36,556587.52,271200,366674.12,36
37,564695.36,271200,370888.07999999996,37
38,572086.0800000001,271200,374229.31999999995,38
39,584549.8,271200,382558.4,39
40,599014.6799999999,271200,388540.53,40
41,616251.1599999999,271200,410876.82000000007,41
42,638324.1599999999,271200,428193.75,42
43,661055.8400000001,271200,435535.60000000003,43
44,682415.2,271200,445036.6,44
45,689090.0,271200,449725.0800000001,45
46,691089.36,271200,466377.14999999997,46
47,707084.24,271200,471388.36,47
48,722789.32,271200,475185.42,48
49,738269.0,271200,480193.5,49
50,739106.12,271200,480194.08999999997,50
51,743686.56,271200,484754.4,51
52,753079.8400000001,271200,490799.29000000004,52
53,758843.76,271200,497585.42000000004,53
54,770097.8,271200,512481.75,54
55,794570.7600000001,271200,526296.2400000001,55
56,889674.2799999994,271200,559260.49,56
57,990251.48,271200,586808.18,57
58,1012526.0399999999,271200,600725.89,58
59,1028687.3999999999,271200,617843.8,59
60,1040400.0,271200,623510.76,60
61,1040400.0,271200,639468.8400000001,61
62,1040577.9199999999,271200,647480.88,62
63,1040933.76,271200,675760.52,63
64,1134258.4000000004,271200,681371.2999999999,64
65,1204602.2400000002,271200,692692.84,65
66,1226314.8800000001,271200,713519.19,66
67,1243851.4000000001,271200,717305.84,67
68,1275163.5599999996,271200,733884.1699999999,68
69,1350693.7999999998,271200,741030.0,69
70,1375578.2799999998,271200,761166.86,70
71,1379381.96,271200,774201.8,71
72,1396765.64,271200,786009.61,72
73,1434957.68,271200,809661.7600000001,73
74,1489334.0,271200,821310.5,74
75,1583974.6400000001,271200,835754.76,75
76,1664311.2000000002,271200,854771.5800000001,76
77,1726256.8000000003,271200,877838.5,77
78,1778598.9600000002,271200,916447.8300000001,78
79,1848312.8000000005,271200,938595.0,79
80,1959262.5600000005,271200,950407.6300000001,80
81,2099910.3999999994,271200,994274.94,81
82,2243562.3999999994,271200,1005074.7099999997,82
83,2357335.1999999993,271200,1062322.24,83
84,2418808.0,271200,1090373.199999999,84
85,2450540.6799999997,271200,1179663.48,85
86,2506871.56,271200,1238962.38,86
87,2593001.48,271200,1332515.2400000005,87
88,2708930.44,271200,1456365.6,88
89,2722392.6,271200,1539811.8000000007,89
90,2747816.12,271200,1706313.6599999997,90
91,2804560.44,271200,1769199.4000000004,91
92,3041516.4800000014,271200,1861500.0,92
93,3268916.159999999,271200,2009262.719999997,93
94,3342884.7999999993,271200,2394671.900000002,94
95,3727562.959999998,271200,3294781.1199999996,95
96,4205963.92,271200,3544978.0600000005,96
97,4351803.279999999,271200,3615371.7399999998,97
0,112618.1,273700,57705.56,0
1,114070.20000000001,273700,62943.759999999995,1
2,115522.29999999999,273700,66208.26,2
3,117284.56,273700,69220.44,3
4,120752.70000000001,273700,72102.70000000001,4
5,124220.84,273700,73903.08,5
6,127688.98,273700,76551.8,6
7,131604.0,273700,81056.4,7
8,136524.5,273700,85160.68,8
9,141445.0,273700,91264.80000000002,9
10,146365.5,273700,98192.73999999999,10
11,167603.96000000002,273700,104307.76,11
12,207880.03999999998,273700,114174.95999999999,12
13,248156.12000000008,273700,126199.0,13
14,288432.19999999995,273700,139816.19999999998,14
15,308243.96,273700,154689.8,15
16,315265.52,273700,186189.7,16
17,322287.08,273700,197341.39999999997,17
18,329308.64,273700,205043.46000000002,18
19,347408.0,273700,212672.40000000005,19
20,368830.69999999995,273700,224449.16,20
21,390253.4,273700,234794.68000000002,21
22,411676.10000000003,273700,243048.96000000002,22
23,419004.32,273700,256188.03999999998,23
24,425158.0,273700,267888.0,24
25,431311.68,273700,274965.0,25
26,437509.06,273700,282083.6,26
27,444230.8400000001,273700,291723.84,27
28,450952.62,273700,305643.1,28
29,457674.4,273700,311843.8,29
30,463211.06,273700,324124.42,30
31,464797.32,273700,341353.0399999999,31
32,466383.58,273700,351260.56,32
33,467969.84,273700,364375.80000000005,33
34,469289.6,273700,372313.89999999997,34
35,470182.96,273700,386046.04,35
36,471076.31999999995,273700,398888.4599999999,36
37,471969.68,273700,419630.32000000007,37
38,476653.4,273700,429510.3,38
39,484586.0,273700,440011.6000000002,39
40,492518.60000000003,273700,452337.22,40
41,500451.2,273700,462704.80000000005,41
42,510891.19999999995,273700,474789.48000000004,42
43,522445.6,273700,494107.4,43
44,534000.0,273700,507574.00000000006,44
45,545554.4,273700,526374.28,45
46,558918.96,273700,535548.3399999999,46
47,572612.64,273700,548062.84,47
48,586306.3200000001,273700,565817.84,48
49,600000.0,273700,577225.0,49
50,643370.86,273700,592882.5800000001,50
51,686741.72,273700,614545.8000000002,51
52,730112.5800000002,273700,630474.0800000001,52
53,767457.12,273700,647416.6000000001,53
54,771656.9,273700,658299.1,54
55,775856.68,273700,680352.8000000003,55
56,780056.46,273700,708051.36,56
57,825953.2799999991,273700,720818.8,57
58,965668.44,273700,757923.9799999997,58
59,1105383.5999999999,273700,768218.5999999999,59
60,1245098.7599999998,273700,803668.9999999995,60
61,1328188.6800000002,273700,824323.9599999996,61
62,1345215.8199999998,273700,850194.6000000004,62
63,1362242.96,273700,881902.9199999999,63
64,1379270.1,273700,896353.1000000002,64
65,1430430.3599999999,273700,923794.3200000001,65
66,1502923.8200000005,273700,936393.3400000002,66
67,1575417.2799999998,273700,953782.8400000001,67
68,1647910.7399999993,273700,991444.52,68
69,1680779.0,273700,1010135.8,69
70,1701759.7000000002,273700,1046942.4799999995,70
71,1722740.4,273700,1083805.44,71
72,1743721.1,273700,1113773.36,72
73,1804806.2799999996,273700,1158517.0799999996,73
74,1869233.5,273700,1194606.5,74
75,1933660.7200000004,273700,1230663.4800000004,75
76,1999269.3599999999,273700,1248932.2200000002,76
77,2079055.0400000003,273700,1284669.0400000003,77
78,2158840.7199999997,273700,1310087.9000000004,78
79,2238626.4000000004,273700,1374985.2000000002,79
80,2312053.7000000007,273700,1411757.02,80
81,2364286.4,273700,1435588.52,81
82,2416519.0999999996,273700,1463271.5399999996,82
83,2468751.8000000003,273700,1478769.24,83
84,2533794.299999999,273700,1502260.6999999997,84
85,2619332.48,273700,1563151.4800000002,85
86,2704870.66,273700,1660098.9599999993,86
87,2790408.84,273700,1703759.6,87
88,2924655.9600000004,273700,1760081.6400000001,88
89,3100653.6000000015,273700,1842524.8000000003,89
90,3276651.2399999998,273700,1906235.8599999999,90
91,3452648.8800000013,273700,1971312.160000001,91
92,3515731.26,273700,2128740.0000000005,92
93,3528629.08,273700,2245629.9199999995,93
94,3541526.9,273700,2378229.299999999,94
95,3554424.7199999997,273700,2483731.959999998,95
96,3902596.8199999984,273700,2835708.179999998,96
97,4311727.880000001,273700,3121420.3199999994,97
0,118298.43000000001,701601,122798.32,0
1,184438.92,701601,138171.16,1
2,238383.37999999998,701601,147975.7,2
3,299641.60000000003,701601,154019.4,3
4,385888.50000000006,701601,162213.69999999998,4
5,445734.62,701601,167625.0,5
6,454245.89,701601,172112.66,6
7,462644.84,701601,181144.88,7
8,470908.06999999995,701601,187552.8,8
9,480523.69999999995,701601,196938.40000000002,9
10,491176.17000000004,701601,210900.34,10
11,520957.95999999996,701601,219722.64,11
12,559773.04,701601,237674.1,12
13,588733.24,701601,254623.56000000006,13
14,615112.4,701601,280465.0,14
15,623834.76,701601,298984.3600000001,15
16,630588.0,701601,317895.98,16
17,630588.0,701601,332428.2,17
18,630588.0,701601,368929.13999999996,18
19,630588.0,701601,388456.6,19
20,637961.86,701601,396111.92,20
21,668024.52,701601,411922.48000000004,21
22,699796.2300000001,701601,431030.34,22
23,734626.2399999999,701601,446942.2,23
24,763449.0,701601,467496.5,24
25,785543.64,701601,481788.88,25
26,794715.0,701601,491550.5,26
27,794715.0,701601,512272.12,27
28,797669.45,701601,522557.38,28
29,801901.5,701601,537861.3999999999,29
30,896547.5,701601,553529.98,30
31,1012220.0000000001,701601,569552.52,31
32,1021134.24,701601,584677.3200000001,32
33,1024625.22,701601,603744.76,33
34,1112054.5499999996,701601,616163.2999999999,34
35,1190586.28,701601,631110.56,35
36,1219069.01,701601,643346.76,36
37,1270513.0000000002,701601,662802.9199999999,37
38,1385920.5000000005,701601,684786.6200000001,38
39,1459239.4000000001,701601,697591.6000000001,39
40,1463112.1099999999,701601,708546.62,40
41,1505588.8399999999,701601,721408.8399999999,41
42,1588154.3599999999,701601,740254.54,42
43,1651461.64,701601,767758.76,43
44,1702130.7000000002,701601,794408.8,44
45,1791596.6200000006,701601,808735.24,45
46,1896377.0899999999,701601,832120.8,46
47,1920669.24,701601,849292.64,47
48,1928497.87,701601,874268.1599999999,48
49,1965560.5,701601,892653.0,49
50,2005037.1700000002,701601,916486.04,50
51,2055513.8400000003,701601,930172.32,51
52,2133377.6,701601,949867.8,52
53,2345133.8000000003,701601,971317.8400000001,53
54,2502823.5500000003,701601,991649.6000000002,54
55,2523544.96,701601,1010186.4,55
56,2542513.92,701601,1029712.48,56
57,2558812.48,701601,1051412.0,57
58,2566808.0,701601,1076188.64,58
59,2566808.0,701601,1097152.8,59
60,2566808.0,701601,1120643.72,60
61,2566808.0,701601,1158857.72,61
62,2566808.0,701601,1178479.04,62
63,2566808.0,701601,1204753.9200000002,63
64,2624198.75,701601,1235482.0000000002,64
65,2691792.3000000007,701601,1270016.56,65
66,2771490.190000001,701601,1295559.62,66
67,2849537.04,701601,1321012.76,67
68,2901543.8200000003,701601,1352225.8799999994,68
69,2968523.799999999,701601,1397253.3999999994,69
70,3099888.539999999,701601,1417576.4599999995,70
71,3305261.9199999976,701601,1469177.88,71
72,3681780.2799999984,701601,1500967.92,72
73,3932396.1599999997,701601,1550209.4000000001,73
74,4005604.0,701601,1594911.5,74
75,4394589.120000001,701601,1640209.92,75
76,5065518.240000003,701601,1688972.26,76
77,5309067.02,701601,1731614.6400000001,77
78,5313785.61,701601,1765771.28,78
79,5789965.800000006,701601,1811777.2000000002,79
80,6419371.01,701601,1861223.8799999997,80
81,6896662.040000001,701601,1922045.7599999998,81
82,7350805.259999996,701601,1995105.4999999995,82
83,7816941.759999997,701601,2063590.8799999994,83
84,8248708.35,701601,2122396.7,84
85,8348309.659999999,701601,2229907.8400000003,85
86,8510555.969999999,701601,2283612.3800000004,86
87,8911992.280000001,701601,2341136.6000000006,87
88,9246254.620000001,701601,2415374.9999999995,88
89,9438266.200000001,701601,2506073.4000000013,89
90,9894516.500000006,701601,2572370.24,90
91,10695426.000000007,701601,2671866.92,91
92,15630611.169999987,701601,2743473.500000002,92
93,23987265.860000003,701601,2903536.600000001,93
94,27013375.749999996,701601,3049548.599999999,94
95,27298062.599999998,701601,3156287.8000000003,95
96,27635712.019999996,701601,3375683.0599999963,96
97,27988862.68,701601,3726406.04,97
0,83659.3,271600,115403.67,0
1,120402.6,271600,128030.7,1
2,157145.9,271600,130311.31999999999,2
3,193889.2,271600,132462.2,3
4,214268.90000000002,271600,134421.65,4
5,215012.28000000003,271600,138208.56,5
6,215755.66,271600,140696.9,6
7,216499.04,271600,144231.76,7
8,217242.41999999998,271600,146246.7,8
9,220211.40000000002,271600,148644.5,9
10,223402.94,271600,152720.0,10
11,226594.47999999998,271600,155216.24,11
12,229786.02000000002,271600,159337.73,12
13,236421.32,271600,162445.47999999998,13
14,249083.2,271600,167013.59999999998,14
15,261745.08000000002,271600,172767.2,15
16,274406.96,271600,178300.32,16
17,287068.83999999997,271600,185247.52000000002,17
18,289979.04000000004,271600,193789.52000000002,18
19,290722.2,271600,199663.0,19
20,291465.36,271600,206334.15,20
21,292208.52,271600,206766.41999999998,21
22,292884.12000000005,271600,209847.0,22
23,293379.56,271600,218836.32,23
24,293875.0,271600,235152.0,24
25,294370.44,271600,247187.0,25
26,294865.88,271600,253668.0,26
27,295001.16000000003,271600,260769.0,27
28,295001.38,271600,268912.33,28
29,295001.6,271600,300406.6,29
30,295001.82,271600,318066.33,30
31,295137.12,271600,336943.28,31
32,295880.28,271600,353679.21,32
33,296623.44,271600,375731.16,33
34,297366.6,271600,404851.3499999998,34
35,298109.76,271600,425083.8,35
36,298380.14,271600,443200.05999999994,36
37,298380.36,271600,454918.26,37
38,298380.57999999996,271600,467033.04000000004,38
39,298380.8,271600,476600.6000000002,39
40,298471.04,271600,490720.96,40
41,299461.48,271600,507366.94000000006,41
42,300451.92000000004,271600,517969.81,42
43,301442.36,271600,525633.08,43
44,302432.80000000005,271600,533057.75,44
45,302883.24,271600,546864.64,45
46,302883.68,271600,561449.3399999999,46
47,302884.12,271600,576469.72,47
48,302884.56,271600,583915.39,48
49,302885.0,271600,588211.5,49
50,303875.22000000003,271600,607229.67,50
51,304865.44,271600,620002.88,51
52,305855.66,271600,636834.03,52
53,306845.88,271600,663965.3000000002,53
54,307386.0,271600,676723.8,54
55,307386.0,271600,698130.16,55
56,307386.0,271600,712138.19,56
57,307386.0,271600,723317.16,57
58,307386.0,271600,736928.57,58
59,308512.4,271600,752279.2,59
60,309751.44,271600,779706.6699999999,60
61,310990.48,271600,794002.86,61
62,312229.51999999996,271600,805212.8300000001,62
63,313198.08,271600,815936.6,63
64,313693.3,271600,833583.8,64
65,314188.52,271600,861348.42,65
66,314683.74,271600,871460.4500000001,66
67,315178.96,271600,890248.04,67
68,316282.58,271600,904297.5299999999,68
69,317521.4,271600,927623.3999999998,69
70,318760.22,271600,935976.71,70
71,319999.04,271600,959587.3999999997,71
72,323196.9799999999,271600,973535.97,72
73,331619.24000000005,271600,989913.6599999999,73
74,340041.5,271600,1013015.5,74
75,348463.75999999995,271600,1034164.3200000001,75
76,356886.0200000001,271600,1071196.9100000001,76
77,529559.4800000002,271600,1097662.4600000004,77
78,763827.1400000027,271600,1124467.0100000002,78
79,998094.8000000016,271600,1162979.2000000002,79
80,1232362.4600000004,271600,1188661.04,80
81,1549715.3199999973,271600,1212148.02,81
82,2240951.5799999936,271600,1238915.3900000001,82
83,2932187.8400000012,271600,1308462.4,83
84,3623424.0999999978,271600,1346662.65,84
85,4314660.359999994,271600,1379268.1400000001,85
86,4574440.5600000005,271600,1413392.7700000003,86
87,4587674.4399999995,271600,1449679.8399999999,87
88,4600908.32,271600,1487230.3299999998,88
89,4614142.2,271600,1519660.3,89
90,4661376.759999999,271600,1568119.06,90
91,5048618.120000003,271600,1619551.6800000002,91
92,5435859.480000002,271600,1678369.68,92
93,5823100.84,271600,1719645.9599999995,93
94,6210342.199999997,271600,1837053.9999999998,94
95,7357984.439999979,271600,1964193.0399999986,95
96,9139294.079999998,271600,2279470.4999999977,96
97,10920603.71999999,271600,2694287.1599999997,97
0,84306.64,271701,72766.72,0
1,110235.28,271701,77062.23999999999,1
2,136163.92,271701,78952.0,2
3,162092.56,271701,83236.87999999999,3
4,188021.2,271701,85794.4,4
5,213949.84,271701,89338.68,5
6,227046.16,271701,94604.68000000001,6
7,235865.04000000004,271701,98961.31999999999,7
8,244683.91999999998,271701,103363.24,8
9,253502.8,271701,111838.0,9
10,262321.68,271701,116128.48000000001,10
11,271140.56,271701,128062.72,11
12,278706.64,271701,132960.12,12
13,285019.92000000004,271701,147463.44000000003,13
14,291333.2,271701,161202.99999999997,14
15,297646.48,271701,177992.44,15
16,303959.76,271701,197942.32000000004,16
17,310273.04000000004,271701,214497.56,17
18,318109.16000000003,271701,242275.72,18
19,330513.8,271701,252159.2,19
20,342918.44,271701,267258.79999999993,20
21,355323.08,271701,283462.64,21
22,367727.72000000003,271701,297973.04,22
23,380132.36,271701,306203.0,23
24,392537.0,271701,308714.0,24
25,397749.0,271701,322801.07999999996,25
26,402961.0,271701,334969.60000000003,26
27,408173.0,271701,348938.48,27
28,413385.0,271701,361315.55999999994,28
29,418597.0,271701,374429.4,29
30,423809.0,271701,389113.31999999995,30
31,430312.07999999996,271701,397196.48,31
32,437245.52,271701,410730.36,32
33,444178.96,271701,417107.92000000004,33
34,451112.4,271701,427845.19999999995,34
35,458045.83999999997,271701,440156.27999999997,35
36,464979.27999999997,271701,450474.64,36
37,484489.12,271701,458542.0800000001,37
38,516575.36000000004,271701,476115.72000000003,38
39,548661.6000000001,271701,489707.19999999995,39
40,580747.84,271701,499886.83999999997,40
41,612834.08,271701,506970.56000000006,41
42,644920.32,271701,515176.32,42
43,683874.56,271701,534611.4400000001,43
44,743432.8,271701,548443.0,44
45,802991.04,271701,557427.3999999999,45
46,862549.2799999998,271701,566255.6799999999,46
47,922107.5199999999,271701,578467.3200000001,47
48,981665.7599999999,271701,586716.28,48
49,1041224.0,271701,593836.0,49
50,1044786.24,271701,608343.0,50
51,1048348.48,271701,620671.72,51
52,1051910.72,271701,635962.6400000001,52
53,1055472.96,271701,648646.2,53
54,1059035.2,271701,663886.6000000001,54
55,1062597.44,271701,673377.9199999999,55
56,1066248.96,271701,686326.9999999999,56
57,1069930.24,271701,697620.04,57
58,1073611.52,271701,713900.56,58
59,1077292.8,271701,722291.0,59
60,1080974.08,271701,740229.04,60
61,1084655.36,271701,754863.56,61
62,1096570.08,271701,770522.8400000002,62
63,1116718.24,271701,797240.1599999999,63
64,1136866.4000000001,271701,816928.2,64
65,1157014.56,271701,825387.8400000001,65
66,1177162.7200000002,271701,838459.16,66
67,1197310.8800000001,271701,865817.4800000002,67
68,1227706.0799999996,271701,881560.0399999999,68
69,1288842.4,271701,892167.1999999997,69
70,1349978.7199999997,271701,910392.6000000001,70
71,1411115.0399999998,271701,922474.1199999999,71
72,1472251.3599999999,271701,939449.9199999999,72
73,1533387.68,271701,957700.0399999999,73
74,1594524.0,271701,974031.0,74
75,1677451.04,271701,990469.72,75
76,1760378.08,271701,1010912.3999999999,76
77,1843305.12,271701,1031778.2400000002,77
78,1926232.1600000001,271701,1050089.28,78
79,2009159.2000000004,271701,1078179.0000000002,79
80,2092086.2400000005,271701,1118966.5600000003,80
81,2167931.5999999996,271701,1150848.3199999998,81
82,2241416.3999999994,271701,1178299.44,82
83,2314901.1999999997,271701,1203497.4399999997,83
84,2388386.0,271701,1227159.6,84
85,2461870.8,271701,1286311.0,85
86,2535355.5999999996,271701,1344873.4799999997,86
87,2591377.6799999997,271701,1376815.76,87
88,2629937.04,271701,1432799.5599999998,88
89,2668496.4000000004,271701,1507706.4000000004,89
90,2707055.76,271701,1573080.6800000002,90
91,2745615.12,271701,1655814.4400000002,91
92,2784174.48,271701,1723091.6800000006,92
93,3004746.9599999962,271701,1784636.48,93
94,3771358.7999999966,271701,1939238.9999999993,94
95,4537970.639999997,271701,2076455.36,95
96,5304582.479999998,271701,2390143.9999999995,96
97,6071194.319999998,271701,2908681.8400000003,97
0,185789.83,271702,32383.19,0
1,205696.65999999997,271702,37217.659999999996,1
2,225603.49,271702,49575.43,2
3,245510.32,271702,55825.08,3
4,265417.15,271702,62917.75,4
5,288837.24,271702,71550.0,5
6,338606.78,271702,72974.54,6
7,388376.32000000007,271702,79727.2,7
8,438145.86,271702,84625.54000000001,8
9,487915.4,271702,87987.7,9
10,537684.9400000001,271702,90710.6,10
11,598752.88,271702,94752.92000000001,11
12,696540.62,271702,98384.84,12
13,794328.3600000001,271702,103240.20000000001,13
14,892116.0999999999,271702,106412.79999999999,14
15,989903.8400000001,271702,109446.16,15
16,1087691.58,271702,111450.86,16
17,1194947.32,271702,115647.68,17
18,1319561.06,271702,121810.83000000002,18
19,1444174.8000000003,271702,125417.20000000001,19
20,1568788.5399999998,271702,133490.99,20
21,1693402.28,271702,142612.26,21
22,1818016.0200000003,271702,145286.0,22
23,1896433.9200000002,271702,155861.64,23
24,1922881.5,271702,165742.75,24
25,1949329.0799999998,271702,176645.59999999998,25
26,1975776.66,271702,191422.25999999998,26
27,2002224.24,271702,198209.64000000004,27
28,2028671.82,271702,205355.90999999997,28
29,2086567.5999999999,271702,211607.79999999993,29
30,2166477.12,271702,223129.68999999997,30
31,2246386.6400000006,271702,233688.04,31
32,2326296.16,271702,248957.4700000001,32
33,2406205.68,271702,266537.66000000003,33
34,2486115.1999999997,271702,286389.05,34
35,2640285.04,271702,300550.8,35
36,2825396.6799999997,271702,310832.04999999993,36
37,3010508.3200000003,271702,315006.96,37
38,3195619.96,271702,317585.11,38
39,3380731.6000000006,271702,326660.0,39
40,3565843.2399999998,271702,332203.11,40
41,3668208.3,271702,340937.93999999994,41
42,3752841.9499999997,271702,346799.13,42
43,3837475.6000000006,271702,355966.44,43
44,3922109.25,271702,365152.6500000001,44
45,4006742.9,271702,371445.60000000003,45
46,4091376.55,271702,376924.5299999999,46
47,4317287.48,271702,387416.6,47
48,4552028.24,271702,391793.28,48
49,4786769.0,271702,400674.5,49
50,5021509.76,271702,406359.44000000006,50
51,5256250.52,271702,412104.04000000004,51
52,5480268.55,271702,416595.0200000001,52
53,5532722.899999999,271702,425286.14,53
54,5585177.25,271702,434509.45000000007,54
55,5637631.6,271702,443812.64,55
56,5690085.949999999,271702,448772.61999999994,56
57,5742540.3,271702,457323.12,57
58,5796131.8,271702,463866.4599999999,58
59,5855030.0,271702,477570.19999999995,59
60,5913928.199999999,271702,485487.26,60
61,5972826.4,271702,494629.18000000005,61
62,6031724.600000001,271702,509448.19999999995,62
63,6090622.800000001,271702,520938.9199999999,63
64,6236546.1000000015,271702,530656.0,64
65,6591329.640000001,271702,540311.0800000001,65
66,6946113.180000002,271702,557494.8100000002,66
67,7300896.720000001,271702,580500.1600000004,67
68,7655680.259999997,271702,605942.3999999997,68
69,8010463.799999997,271702,621037.8999999999,69
70,8537757.160000002,271702,642074.4199999999,70
71,9311493.120000001,271702,646511.5599999999,71
72,10085229.08,271702,668879.1599999999,72
73,10858965.04,271702,680987.6799999999,73
74,11632701.0,271702,701027.25,74
75,12406436.959999999,271702,718655.04,75
76,13532500.959999999,271702,746107.3999999999,76
77,14971745.439999998,271702,753431.0,77
78,16410989.919999998,271702,784922.45,78
79,17850234.400000013,271702,812866.4,79
80,19289478.88000001,271702,847644.3200000001,80
81,20728723.359999996,271702,873359.0999999999,81
82,21542961.7,271702,905573.6599999999,82
83,22016287.599999998,271702,927438.9599999998,83
84,22489613.5,271702,939452.8,84
85,22962939.4,271702,966649.8399999999,85
86,23436265.299999997,271702,997189.5599999999,86
87,23909591.200000003,271702,1022545.12,87
88,25119056.400000006,271702,1057229.2900000014,88
89,26555026.000000007,271702,1111128.8000000012,89
90,27990995.600000005,271702,1154390.1199999996,90
91,29426965.200000003,271702,1251632.48,91
92,30862934.800000004,271702,1329094.0500000003,92
93,32298904.399999987,271702,1414794.36,93
94,38032265.69999995,271702,1488075.449999999,94
95,44338612.56000001,271702,1661209.12,95
96,50644959.41999994,271702,1874866.9800000072,96
97,56951306.28,271702,2765133.899999989,97
0,37636.619999999995,271100,72996.0,0
1,75273.23999999999,271100,77730.0,1
2,112909.86,271100,80655.0,2
3,150546.47999999998,271100,84715.2,3
4,188183.10000000003,271100,86355.0,4
5,225819.72,271100,89035.4,5
6,263456.34,271100,91135.2,6
7,301092.95999999996,271100,92345.4,7
8,338729.58,271100,93544.8,8
9,376366.20000000007,271100,96473.0,9
10,414002.82,271100,99327.79999999999,10
11,451639.44,271100,103484.4,11
12,489276.06,271100,106304.2,12
13,526912.68,271100,111635.0,13
14,564549.2999999999,271100,132238.0,14
15,602185.9199999999,271100,140697.40000000002,15
16,652185.86,271100,145616.60000000003,16
17,726912.4400000001,271100,168843.4,17
18,801639.0200000003,271100,178955.0,18
19,876365.6000000002,271100,193142.0,19
20,951092.1799999999,271100,221953.6,20
21,1025818.7600000001,271100,248868.6,21
22,1100545.34,271100,261137.6,22
23,1175271.92,271100,280502.2,23
24,1249998.5,271100,291314.0,24
25,1324725.08,271100,301404.2,25
26,1399451.6600000001,271100,310524.80000000005,26
27,1474178.2400000002,271100,319431.60000000003,27
28,1548904.8199999998,271100,332052.0,28
29,1623631.4,271100,341261.0,29
30,1698357.9799999997,271100,355186.8,30
31,1773084.56,271100,369488.8,31
32,1847811.14,271100,375213.39999999997,32
33,1906012.8,271100,387199.2,33
34,1955951.9999999998,271100,391999.0,34
35,2005891.2000000002,271100,396124.6,35
36,2055830.4,271100,402657.6,36
37,2105769.6,271100,415938.60000000003,37
38,2155708.8,271100,422252.40000000014,38
39,2205648.0,271100,433996.0,39
40,2255587.2,271100,443370.3999999999,40
41,2305526.4,271100,453331.0,41
42,2355465.6,271100,463089.80000000005,42
43,2405404.8,271100,475288.6,43
44,2455344.0,271100,484252.0,44
45,2505283.2,271100,502190.6000000001,45
46,2555222.3999999994,271100,517679.0,46
47,2605161.6,271100,526580.2000000001,47
48,2655100.8,271100,547872.7999999999,48
49,2705040.0,271100,553770.0,49
50,2705040.0,271100,567171.8,50
51,2705040.0,271100,576279.4,51
52,2705040.0,271100,582604.8,52
53,2705040.0,271100,593054.6000000001,53
54,2705040.0,271100,613702.0,54
55,2705040.0,271100,620316.4,55
56,2705040.0,271100,631709.0,56
57,2705040.0,271100,644753.3999999999,57
58,2705040.0,271100,656192.0,58
59,2705040.0,271100,669043.0,59
60,2705040.0,271100,685694.0,60
61,2705040.0,271100,693377.5999999999,61
62,2705040.0,271100,705780.0,62
63,2705040.0,271100,725704.4,63
64,2705040.0,271100,742603.0,64
65,2705040.0,271100,765961.6000000001,65
66,2850217.8400000036,271100,779773.4000000001,66
67,3285751.3600000003,271100,794774.2000000001,67
68,3721284.8799999976,271100,816745.6,68
69,4156818.399999995,271100,839495.0,69
70,4592351.919999998,271100,856082.6000000001,70
71,5027885.440000002,271100,866616.7999999999,71
72,5463418.959999999,271100,884160.0,72
73,5898952.479999997,271100,900000.0,73
74,6334486.0,271100,912000.0,74
75,6770019.520000003,271100,923486.6000000001,75
76,7205553.040000001,271100,944935.8000000003,76
77,7641086.559999998,271100,968283.2000000001,77
78,8076620.080000002,271100,978273.6,78
79,8512153.600000005,271100,991641.0,79
80,8947687.120000003,271100,1003991.5999999999,80
81,9383220.64,271100,1019900.7999999999,81
82,9818754.159999996,271100,1042534.1999999998,82
83,10093286.04,271100,1067100.2,83
84,10287317.1,271100,1087370.0,84
85,10481348.16,271100,1103021.0,85
86,10675379.219999999,271100,1133776.4000000004,86
87,10869410.280000001,271100,1157700.0,87
88,11063441.34,271100,1188296.0,88
89,11257472.400000002,271100,1224000.0,89
90,11451503.46,271100,1267516.0,90
91,11645534.520000001,271100,1295714.2000000004,91
92,11839565.58,271100,1350000.2000000007,92
93,12033596.639999999,271100,1380315.5999999999,93
94,12227627.699999997,271100,1515709.0,94
95,12421658.759999998,271100,1538001.0000000002,95
96,12615689.820000002,271100,1633041.9999999995,96
97,12809720.88,271100,1713416.3999999994,97
0,0.0,267800,80483.68000000001,0
1,20572.960000000017,267800,87483.6,1
2,143568.96000000002,267800,96279.58,2
3,159503.80000000002,267800,101429.72,3
4,172221.7,267800,106534.9,4
5,175791.76,267800,109827.16,5
6,185729.62000000002,267800,113975.4,6
7,196951.52000000002,267800,120439.59999999999,7
8,210060.74,267800,124595.26,8
9,211758.6,267800,132356.2,9
10,220315.7,267800,144699.58,10
11,234108.76,267800,162066.36,11
12,241587.74,267800,181915.12,12
13,255145.32,267800,199532.72000000003,13
14,274280.69999999995,267800,219247.89999999997,14
15,313600.2,267800,227181.72,15
16,328579.62000000005,267800,251845.8600000001,16
17,340915.68,267800,270897.56,17
18,342222.2,267800,279766.28,18
19,348678.4,267800,294496.8,19
20,369348.96,267800,307664.72,20
21,376313.63999999996,267800,320578.48000000004,21
22,410346.22,267800,333474.16,22
23,421131.52,267800,352119.56,23
24,441899.5,267800,366111.5,24
25,451223.08,267800,373264.52,25
26,459867.88000000006,267800,385954.60000000003,26
27,465259.28,267800,394099.12,27
28,470004.42,267800,407621.7,28
29,502929.0,267800,420406.4,29
30,515136.19999999995,267800,440616.54000000004,30
31,545688.72,267800,446550.72,31
32,566662.16,267800,455155.36000000004,32
33,580923.0,267800,466758.76,33
34,592998.0,267800,475251.19999999995,34
35,596121.12,267800,480327.1199999999,35
36,621909.12,267800,500017.64,36
37,637365.68,267800,510499.92,37
38,661227.02,267800,518722.52,38
39,695932.4000000003,267800,531036.2000000001,39
40,757984.32,267800,541395.48,40
41,774891.84,267800,557678.48,41
42,791494.1599999999,267800,567386.0800000001,42
43,804263.04,267800,581502.28,43
44,815700.9,267800,596491.0,44
45,847230.1200000003,267800,611647.1599999999,45
46,872933.2999999998,267800,628611.62,46
47,890403.4,267800,641973.9199999999,47
48,917775.26,267800,651893.94,48
49,941987.0,267800,668628.0,49
50,973424.94,267800,681847.48,50
51,1002999.5999999997,267800,691600.44,51
52,1065310.3600000003,267800,700021.3400000001,52
53,1084982.72,267800,714429.4400000001,53
54,1091423.0,267800,728279.9,54
55,1113062.96,267800,735246.6000000001,55
56,1199190.06,267800,741559.82,56
57,1254973.44,267800,757778.8400000001,57
58,1395391.12,267800,774141.78,58
59,1424525.4,267800,784903.0,59
60,1505557.0599999998,267800,799345.36,60
61,1582652.9999999995,267800,809332.64,61
62,1623447.3,267800,823815.34,62
63,1672433.48,267800,839963.0,63
64,1791910.7000000004,267800,851576.4000000001,64
65,1875243.1199999999,267800,865011.8,65
66,1903407.62,267800,882909.8400000001,66
67,2129582.040000001,267800,904327.7200000001,67
68,2169197.6199999996,267800,931421.9399999998,68
69,2233782.8,267800,948067.5999999996,69
70,2255464.1599999997,267800,962828.7,70
71,2346898.079999999,267800,987046.1599999999,71
72,2506575.62,267800,999227.3999999999,72
73,2587850.0,267800,1021908.6799999999,73
74,2589961.0,267800,1049573.5,74
75,2604694.8800000004,267800,1063342.48,75
76,2748286.7799999993,267800,1078079.6800000004,76
77,3038129.4800000004,267800,1103549.56,77
78,3077374.16,267800,1125647.82,78
79,3211832.0000000014,267800,1159074.2000000002,79
80,3431162.3200000003,267800,1173199.4600000002,80
81,3844534.92,267800,1211200.0,81
82,4048886.059999999,267800,1235053.76,82
83,4456838.159999999,267800,1256617.52,83
84,4924874.6,267800,1281438.6999999993,84
85,4958417.44,267800,1325210.24,85
86,5032307.0,267800,1359535.6800000002,86
87,5263488.4,267800,1379331.96,87
88,5292128.54,267800,1429452.7799999998,88
89,5372468.400000003,267800,1459163.4000000001,89
90,6377690.940000001,267800,1491647.3200000003,90
91,7141790.320000005,267800,1559880.88,91
92,9341353.999999996,267800,1596196.1,92
93,11704312.119999932,267800,1650767.9999999998,93
94,14767544.199999997,267800,1698470.9999999986,94
95,17258108.240000024,267800,1844551.72,95
96,27192345.27999988,267800,2070571.0999999994,96
97,39103493.60000001,267800,2137214.879999998,97
0,26669.97,269904,79576.2,0
1,50780.94,269904,105057.0,1
2,64382.0,269904,116519.20000000001,2
3,64382.0,269904,129843.0,3
4,64382.0,269904,136228.0,4
5,100877.59999999998,269904,142597.2,5
6,142740.20000000004,269904,147400.6,6
7,172284.2,269904,166099.6,7
8,174111.35,269904,174818.4,8
9,175938.5,269904,182221.0,9
10,181411.82,269904,196437.19999999998,10
11,188142.44,269904,199917.59999999998,11
12,195233.21000000002,269904,205041.6,12
13,203970.38,269904,213580.80000000005,13
14,212707.55,269904,231218.0,14
15,218600.96000000002,269904,244357.80000000002,15
16,222717.02000000002,269904,246869.8,16
17,227560.91999999995,269904,252429.8,17
18,245869.86000000002,269904,256458.4,18
19,264178.80000000005,269904,278700.0,19
20,275356.47,269904,296758.6,20
21,279027.54,269904,306596.2,21
22,282698.61,269904,319628.20000000007,22
23,291932.4,269904,329665.4,23
24,301629.75,269904,339992.0,24
25,314089.58,269904,342077.0,25
26,331482.41000000003,269904,351365.4,26
27,348875.24000000005,269904,355042.4,27
28,370883.9699999999,269904,362759.4,28
29,394083.89999999997,269904,364409.0,29
30,418377.69,269904,369802.2,30
31,446317.68000000005,269904,372223.4,31
32,474257.67000000004,269904,386679.4,32
33,497088.4,269904,393017.0,33
34,517364.49999999994,269904,419313.0,34
35,535561.0,269904,434786.0,35
36,535561.0,269904,442233.8,36
37,535561.0,269904,450570.4,37
38,538312.0,269904,457403.0,38
39,543421.0,269904,460000.0,39
40,548530.0,269904,464779.4,40
41,554942.3999999999,269904,472158.19999999995,41
42,561389.1,269904,480567.79999999993,42
43,582778.8400000001,269904,486904.4,43
44,625649.2000000001,269904,496952.0,44
45,668519.5600000002,269904,506025.0,45
46,718436.7399999998,269904,515195.3999999999,46
47,769635.1599999998,269904,539146.8,47
48,810389.41,269904,550138.0,48
49,824558.5,269904,565100.0,49
50,838727.59,269904,592426.2000000003,50
51,844580.1200000001,269904,610830.3999999999,51
52,847165.4299999999,269904,631860.6000000001,52
53,855989.1800000003,269904,652828.8,53
54,899124.3500000003,269904,660653.0,54
55,942259.5200000004,269904,670152.6000000001,55
56,961240.09,269904,675801.4,56
57,963417.46,269904,691191.1999999997,57
58,967995.7899999996,269904,709564.0,58
59,1063810.5999999996,269904,717412.0,59
60,1159625.4099999997,269904,731296.3999999999,60
61,1212910.54,269904,752058.0,61
62,1216577.71,269904,788777.6000000001,62
63,1220244.8800000001,269904,822868.0,63
64,1242161.4000000001,269904,848435.0,64
65,1266163.56,269904,897861.2000000001,65
66,1296443.5500000003,269904,916315.3999999999,66
67,1339279.2000000002,269904,955891.0000000001,67
68,1382114.8499999996,269904,1003751.5999999997,68
69,1400112.2999999998,269904,1076548.0,69
70,1410658.29,269904,1115327.3999999994,70
71,1430492.3599999999,269904,1131702.8,71
72,1486317.7399999998,269904,1139031.2000000002,72
73,1542143.12,269904,1207076.9999999998,73
74,1592999.25,269904,1267092.0,74
75,1641072.6,269904,1331884.4000000006,75
76,1690682.0100000002,269904,1399863.9999999998,76
77,1758724.1400000004,269904,1480523.6,77
78,1826766.2700000005,269904,1491569.2000000002,78
79,1868262.0,269904,1502302.0,79
80,1884538.6500000001,269904,1550703.6000000003,80
81,1900815.2999999998,269904,1622247.4,81
82,1994881.8599999994,269904,1670007.799999999,82
83,2093153.2799999993,269904,1720018.5999999996,83
84,2210599.6499999994,269904,1801510.0,84
85,2358725.9399999995,269904,1887630.1999999986,85
86,2506852.2299999995,269904,1956526.1999999997,86
87,2589579.48,269904,1985962.0,87
88,2658000.69,269904,2028604.8000000005,88
89,2741564.2,269904,2181933.0,89
90,2869040.380000001,269904,2433603.000000003,90
91,2996516.5600000005,269904,2705815.8000000007,91
92,3161481.9700000016,269904,2785400.000000001,92
93,3343109.2599999984,269904,2839017.9999999995,93
94,3623878.449999993,269904,3095133.0,94
95,4578812.559999995,269904,3513429.200000001,95
96,5533746.669999996,269904,3695153.599999995,96
97,10881151.939999975,269904,4030983.6,97
0,46690.46,271300,71344.78,0
1,93380.92,271300,75144.51999999999,1
2,140071.37999999998,271300,79112.69,2
3,186761.84,271300,81376.48,3
4,207446.35,271300,85996.5,4
5,214261.02,271300,89802.38,5
6,221075.69,271300,92379.48000000001,6
7,227890.36,271300,94405.48,7
8,240280.18,271300,96907.69,8
9,265413.2,271300,100940.1,9
10,290546.22,271300,104245.87999999999,10
11,315679.24,271300,106958.2,11
12,340812.26,271300,111267.9,12
13,343688.98,271300,114328.26000000001,13
14,345554.05,271300,119943.14999999998,14
15,347419.12,271300,126103.28,15
16,349284.19,271300,132701.83,16
17,351107.81999999995,271300,138355.1,17
18,352904.81,271300,151085.24000000002,18
19,354701.8,271300,160141.0,19
20,356498.79000000004,271300,167366.81,20
21,364844.23999999993,271300,179246.25999999998,21
22,391743.66000000003,271300,194617.06,22
23,418643.07999999996,271300,210992.11999999994,23
24,445542.5,271300,220471.75,24
25,472441.92000000004,271300,229319.28,25
26,515202.22000000015,271300,236905.42,26
27,559473.0800000001,271300,257067.12000000002,27
28,603743.94,271300,273482.48,28
29,648014.7999999998,271300,283162.89999999997,29
30,677662.22,271300,291646.78,30
31,696060.8400000001,271300,298631.39999999997,31
32,714459.46,271300,304731.83999999997,32
33,732858.0800000001,271300,310380.52,33
34,748358.35,271300,316947.05,34
35,753424.56,271300,323622.63999999996,35
36,758490.77,271300,332930.66,36
37,763556.98,271300,338174.04000000004,37
38,768623.19,271300,344845.89,38
39,773107.8,271300,350712.4,39
40,777505.17,271300,358268.79,40
41,781902.54,271300,366529.8,41
42,786299.9099999999,271300,373165.51,42
43,795420.84,271300,382506.88,43
44,808871.7,271300,390122.9,44
45,822322.56,271300,395716.18,45
46,835773.4199999999,271300,404688.9099999999,46
47,847171.1599999999,271300,418466.9999999999,47
48,848816.5800000001,271300,428032.24000000005,48
49,850462.0,271300,438064.0,49
50,852107.4199999999,271300,448915.88,50
51,853752.8400000001,271300,460039.44000000006,51
52,870996.5000000001,271300,469168.32000000007,52
53,891524.0000000002,271300,480691.72000000003,53
54,912051.5,271300,492516.94999999995,54
55,932579.0000000001,271300,503869.56000000006,55
56,951152.46,271300,515203.88999999996,56
57,967594.24,271300,529711.78,57
58,984036.0199999999,271300,546202.9299999998,58
59,1000477.7999999999,271300,561545.2,59
60,1022947.7499999999,271300,575214.44,60
61,1085605.5,271300,591484.8,61
62,1148263.25,271300,608836.2,62
63,1210921.0000000002,271300,622408.56,63
64,1273578.7500000002,271300,640261.0,64
65,1338020.4800000004,271300,650027.7200000001,65
66,1402957.76,271300,667693.6699999999,66
67,1467895.04,271300,681203.16,67
68,1532832.3199999996,271300,694839.0399999998,68
69,1581241.0999999999,271300,708396.8999999999,69
70,1608162.8299999998,271300,719949.7499999999,70
71,1635084.56,271300,739384.52,71
72,1662006.29,271300,752237.5499999999,72
73,1688934.28,271300,767576.8600000001,73
74,1715928.0,271300,781634.25,74
75,1742921.7200000002,271300,794530.96,75
76,1769915.4400000002,271300,805856.4299999999,76
77,1796909.1600000001,271300,815319.26,77
78,1912919.130000001,271300,827595.55,78
79,2060346.6000000015,271300,835603.2,79
80,2207774.0700000017,271300,853165.5,80
81,2355201.5399999996,271300,869675.2799999998,81
82,2530148.76,271300,895476.85,82
83,2747904.4800000004,271300,907600.72,83
84,2965660.200000001,271300,926437.7500000001,84
85,3183415.920000001,271300,944130.0,85
86,3399402.9600000014,271300,960407.9400000002,86
87,3576479.0399999986,271300,977044.0,87
88,3753555.119999999,271300,1000524.5599999999,88
89,3930631.1999999997,271300,1024885.1000000001,89
90,4107707.2799999993,271300,1045829.5599999999,90
91,4162286.24,271300,1097327.72,91
92,4163272.71,271300,1144397.0600000003,92
93,4164259.18,271300,1216131.1799999992,93
94,4165245.65,271300,1292819.8999999978,94
95,4257076.519999998,271300,1375423.4799999997,95
96,4519240.639999999,271300,1498789.19,96
97,4781404.759999999,271300,1583479.9999999967,97
0,155041.84999999998,267502,66074.84,0
1,177620.7,267502,67816.2,1
2,200199.55,267502,72105.84,2
3,226399.52000000002,267502,74669.36,3
4,253655.65000000002,267502,79209.2,4
5,280911.77999999997,267502,83541.44,5
6,294128.97,267502,91393.44,6
7,295784.68,267502,96726.0,7
8,297440.39,267502,101160.16,8
9,304132.10000000003,267502,104399.79999999999,9
10,321399.41000000003,267502,108357.92,10
11,338666.72,267502,118222.0,11
12,354484.85000000003,267502,128687.92000000001,12
13,356777.3,267502,138199.28,13
14,359069.75,267502,144973.0,14
15,361362.2,267502,152618.04,15
16,368113.97000000003,267502,171422.16000000003,16
17,375526.38,267502,181937.08000000002,17
18,382938.79,267502,188307.4,18
19,400345.0,267502,197600.6,19
20,423247.8,267502,206053.0,20
21,446150.6,267502,216238.32000000004,21
22,465927.55,267502,229426.08,22
23,481376.4,267502,236193.24,23
24,496825.25,267502,241104.0,24
25,512568.7,267502,259755.12000000002,25
26,529539.6500000001,267502,266560.60000000003,26
27,546510.6000000001,267502,279876.08,27
28,563481.5499999999,267502,290857.5199999999,28
29,570956.0,267502,304031.6,29
30,578113.9,267502,325244.1599999999,30
31,585271.8,267502,341985.12,31
32,598661.0900000001,267502,352514.32000000007,32
33,614217.8200000001,267502,364409.68000000005,33
34,629774.5499999999,267502,373520.4,34
35,637718.0,267502,386098.0,35
36,638524.0,267502,405601.48,36
37,639330.0,267502,415020.16,37
38,659059.6699999999,267502,432960.12,38
39,725047.2000000001,267502,444446.4,39
40,791034.7299999997,267502,451268.07999999996,40
41,853626.06,267502,470112.24,41
42,866972.49,267502,481235.3999999999,42
43,880318.9199999999,267502,499833.84,43
44,893665.35,267502,513184.0,44
45,906868.26,267502,533751.4000000001,45
46,920043.5699999998,267502,542987.56,46
47,933218.8799999999,267502,567092.32,47
48,943125.05,267502,579955.48,48
49,950966.5,267502,590586.0,49
50,958807.95,267502,602593.56,50
51,966208.4,267502,617147.92,51
52,972910.6000000001,267502,627354.7999999999,52
53,979612.8,267502,640288.72,53
54,987579.8,267502,654966.6000000001,54
55,1002123.7600000002,267502,670659.6400000001,55
56,1016667.72,267502,678321.4399999998,56
57,1031211.68,267502,686500.7999999999,57
58,1042900.01,267502,695455.0,58
59,1054391.4,267502,704233.0,59
60,1065882.79,267502,718956.3200000001,60
61,1071385.56,267502,733595.9199999999,61
62,1074438.44,267502,746659.0400000003,62
63,1077491.3199999998,267502,776516.72,63
64,1111775.1000000006,267502,783517.6000000001,64
65,1179371.8400000003,267502,798291.6,65
66,1246968.5799999998,267502,807291.6400000001,66
67,1319040.2000000004,267502,816933.3600000001,67
68,1403977.0999999992,267502,828251.9599999997,68
69,1488913.9999999998,267502,841816.0,69
70,1572510.3899999997,267502,854849.12,70
71,1615891.48,267502,869937.12,71
72,1659272.5699999998,267502,884142.6399999999,72
73,1702653.6600000001,267502,910020.2,73
74,1738991.0,267502,920000.0,74
75,1773637.8399999999,267502,934925.76,75
76,1808284.6800000002,267502,942694.3200000001,76
77,1858373.9,267502,964979.3200000001,77
78,1919615.9500000004,267502,985170.04,78
79,1980858.0,267502,1017773.2000000001,79
80,2037398.5400000003,267502,1048439.0000000005,80
81,2085390.88,267502,1072228.4799999997,81
82,2133383.22,267502,1121669.44,82
83,2186423.1999999997,267502,1164569.4799999997,83
84,2273534.7499999995,267502,1205291.1999999997,84
85,2360646.3,267502,1250000.0,85
86,2447757.8499999996,267502,1309468.2799999996,86
87,2578619.6800000006,267502,1459615.2000000002,87
88,2714169.04,267502,1536944.0400000024,88
89,2849718.400000001,267502,1666362.5999999992,89
90,3208928.470000001,267502,1800016.8000000003,90
91,3674643.6399999997,267502,1946345.0000000012,91
92,4140358.8100000024,267502,2141205.079999999,92
93,4553079.919999996,267502,2271427.8400000003,93
94,4901451.1,267502,2559303.3999999985,94
95,5249822.2799999975,267502,2708514.799999999,95
96,6403760.670000004,267502,3168815.6799999997,96
97,10319643.779999988,267502,3846728.880000018,97
0,0.0,701502,86728.8,0
1,0.0,701502,109768.45999999999,1
2,0.0,701502,135596.56,2
3,0.0,701502,164341.44,3
4,0.0,701502,173181.6,4
5,0.0,701502,186485.28,5
6,0.0,701502,211982.61000000002,6
7,0.0,701502,229069.08000000002,7
8,0.0,701502,242749.22999999998,8
9,0.0,701502,252985.0,9
10,0.0,701502,264067.25,10
11,43247.599999999846,701502,276347.96,11
12,133477.40000000005,701502,287581.44999999995,12
13,151045.4,701502,295730.30000000005,13
14,161334.0,701502,308422.69999999995,14
15,167447.40000000002,701502,311320.12,15
16,176791.40000000002,701502,314174.93,16
17,215318.5999999999,701502,323083.24,17
18,242337.80000000002,701502,330262.87,18
19,254572.0,701502,342681.2,19
20,266644.39999999997,701502,349651.94999999995,20
21,314909.6,701502,364270.77999999997,21
22,333744.80000000005,701502,375737.92,22
23,338703.6,701502,391999.28,23
24,347289.0,701502,398981.5,24
25,370770.6000000001,701502,405718.78,25
26,406527.4000000001,701502,408965.0,26
27,454428.40000000014,701502,411942.0,27
28,494792.79999999993,701502,411942.0,28
29,507597.0,701502,420165.39999999997,29
30,537509.2000000001,701502,424571.94999999995,30
31,567082.7999999999,701502,430533.56,31
32,615285.6000000001,701502,436189.72,32
33,646669.6,701502,440476.0,33
34,669434.0,701502,442037.3,34
35,701510.3999999998,701502,444804.0,35
36,765865.6,701502,451789.82999999996,36
37,787600.0,701502,454593.04000000004,37
38,818748.8000000002,701502,468458.79,38
39,835645.0,701502,480882.4,39
40,878242.6,701502,494252.32,40
41,886177.4,701502,505801.49999999994,41
42,905693.0,701502,517316.0,42
43,947002.2,701502,528192.32,43
44,965321.0,701502,534002.45,44
45,972723.4,701502,547691.12,45
46,1002927.3999999999,701502,554816.79,46
47,1035362.8,701502,570528.64,47
48,1057192.8,701502,575196.01,48
49,1070026.0,701502,582430.0,49
50,1120605.0000000002,701502,590772.0,50
51,1175985.4000000001,701502,602026.76,51
52,1245196.6,701502,624026.5700000001,52
53,1301878.6,701502,629030.96,53
54,1347636.0,701502,633986.8500000001,54
55,1413342.4000000004,701502,656176.56,55
56,1508938.4,701502,670130.56,56
57,1510657.4,701502,683632.76,57
58,1595135.3999999997,701502,692124.8099999999,58
59,1616055.0,701502,702947.0,59
60,1764161.0,701502,726187.03,60
61,1767393.0,701502,738691.96,61
62,1767393.0,701502,757719.5900000001,62
63,1767393.0,701502,768400.76,63
64,1789262.0,701502,776540.6000000001,64
65,1908016.600000001,701502,784755.88,65
66,2195671.0,701502,793883.8200000001,66
67,2217265.6,701502,802446.04,67
68,2409137.1999999993,701502,808024.0,68
69,2457070.0,701502,818279.8999999997,69
70,2630600.3999999985,701502,836232.03,70
71,2822729.999999998,701502,852234.6799999999,71
72,2991525.5999999996,701502,860277.6000000001,72
73,3104238.3999999994,701502,883834.2000000001,73
74,3214917.0,701502,894749.5,74
75,3276963.8000000007,701502,908110.68,75
76,3424646.6000000006,701502,919274.47,76
77,3521351.6000000006,701502,937175.2,77
78,3582586.000000001,701502,958952.81,78
79,3694101.0,701502,973484.8000000002,79
80,3701559.1999999997,701502,1002557.1900000002,80
81,3854880.799999997,701502,1022173.8400000001,81
82,4138249.399999999,701502,1055537.8,82
83,4960606.599999997,701502,1082333.16,83
84,5186394.0,701502,1132200.0,84
85,5543865.0,701502,1185153.92,85
86,5756151.000000002,701502,1260909.07,86
87,6077780.999999998,701502,1294962.28,87
88,6242922.2,701502,1386754.0499999998,88
89,6493549.0,701502,1465928.4000000004,89
90,6736078.000000002,701502,1556227.350000002,90
91,8093620.00000001,701502,1642320.239999999,91
92,12032617.60000004,701502,1763571.0000000002,92
93,16942487.59999999,701502,1956756.46,93
94,20267723.0,701502,2076577.4499999993,94
95,21774980.799999975,701502,2321335.2399999993,95
96,23655449.6,701502,2762455.7600000002,96
97,24490819.999999993,701502,3207787.919999996,97
0,272275.28,701304,106444.0,0
1,334506.56,701304,124837.68000000002,1
2,396737.83999999997,701304,155943.82,2
3,458969.12,701304,166464.8,3
4,560237.6000000001,701304,178148.8,4
5,669313.52,701304,194182.64,5
6,778389.4400000002,701304,208598.38,6
7,887465.36,701304,227100.04000000004,7
8,937412.8,701304,246464.8,8
9,957796.0,701304,264659.6,9
10,978179.2000000001,701304,274435.7,10
11,998562.4,701304,287591.2,11
12,1015236.88,701304,296753.0,12
13,1028202.6400000001,701304,310814.04,13
14,1041168.3999999999,701304,319949.4,14
15,1054134.1600000001,701304,334381.64,15
16,1069176.16,701304,348462.54,16
17,1088370.6400000001,701304,364991.88,17
18,1107565.12,701304,376697.17999999993,18
19,1126759.6,701304,391671.6,19
20,1149390.08,701304,406792.38,20
21,1189200.56,701304,424362.36,21
22,1229011.04,701304,436138.2,22
23,1268821.52,701304,453285.83999999997,23
24,1308632.0,701304,475714.5,24
25,1321284.08,701304,493116.60000000003,25
26,1333936.1600000001,701304,511310.48,26
27,1346588.24,701304,538710.3200000001,27
28,1359240.3199999998,701304,559406.8199999998,28
29,1387839.4,701304,580036.2,29
30,1419627.88,701304,599555.28,30
31,1451416.3599999999,701304,617057.7200000001,31
32,1483204.84,701304,635342.0599999999,32
33,1495748.52,701304,655726.48,33
34,1498669.7999999998,701304,670482.8999999999,34
35,1501591.08,701304,693545.88,35
36,1504512.36,701304,715106.88,36
37,1575831.4800000007,701304,742164.04,37
38,1715548.4399999997,701304,768196.6599999999,38
39,1855265.4000000008,701304,788898.6000000001,39
40,1994982.3599999999,701304,816461.44,40
41,2119642.36,701304,841001.56,41
42,2214188.44,701304,865847.36,42
43,2308734.5200000005,701304,888823.6799999999,43
44,2403280.6000000006,701304,924350.5,44
45,2499326.1600000006,701304,960484.8000000002,45
46,2602869.1199999996,701304,981356.96,46
47,2706412.08,701304,1014328.84,47
48,2809955.04,701304,1047271.1,48
49,2913498.0,701304,1081780.0,49
50,2936634.96,701304,1114084.46,50
51,2959771.92,701304,1142310.12,51
52,2982908.88,701304,1162563.4,52
53,3006045.8400000003,701304,1190850.4000000001,53
54,3121207.6000000006,701304,1245100.4000000001,54
55,3254774.3200000008,701304,1288257.3599999999,55
56,3388341.04,701304,1328633.02,56
57,3521907.7599999993,701304,1353521.5999999999,57
58,3567498.16,701304,1401797.1,58
59,3569100.4000000004,701304,1447357.6,59
60,3570702.64,701304,1478426.4,60
61,3572304.88,701304,1516164.0000000005,61
62,3621689.9200000004,701304,1559487.38,62
63,3718857.76,701304,1596381.9600000002,63
64,3816025.6000000006,701304,1636236.9000000001,64
65,3913193.44,701304,1677009.4,65
66,3980838.96,701304,1727074.8200000005,66
67,3989439.84,701304,1777657.44,67
68,3998040.7199999997,701304,1833094.3,68
69,4006641.5999999996,701304,1887635.4,69
70,4014097.96,701304,1953676.1999999997,70
71,4015831.7199999997,701304,2035441.2799999998,71
72,4017565.48,701304,2103984.5399999996,72
73,4019299.24,701304,2177902.8800000004,73
74,4021033.0,701304,2242975.0,74
75,4155767.800000001,701304,2328713.1599999997,75
76,4290502.6,701304,2443568.4400000004,76
77,4425237.399999999,701304,2523355.7600000002,77
78,4559972.2,701304,2609815.5000000005,78
79,5038641.800000006,701304,2664882.2,79
80,5586098.360000003,701304,2783170.1,80
81,6133554.92,701304,2876333.76,81
82,6681011.479999996,701304,3011920.7799999984,82
83,6908875.72,701304,3093249.2,83
84,6976943.8,701304,3158178.5999999996,84
85,7045011.88,701304,3278914.9599999986,85
86,7113079.96,701304,3383850.7,86
87,7190671.96,701304,3548072.48,87
88,7277787.879999999,701304,3738952.74,88
89,7364903.800000001,701304,3980020.6,89
90,7452019.72,701304,4146370.880000003,90
91,7858962.200000009,701304,4372412.040000001,91
92,8905557.8,701304,4588441.5600000005,92
93,9952153.399999995,701304,4839610.08,93
94,10998748.999999987,701304,5213693.599999998,94
95,12028707.519999998,701304,5913357.679999994,95
96,12975480.640000004,701304,6683413.699999995,96
97,13922253.759999998,701304,7800068.960000003,97
0,45828.95,269700,37589.68,0
1,52283.6,269700,50792.2,1
2,55215.1,269700,55649.72,2
3,57048.399999999994,269700,59318.72,3
4,58554.25,269700,64203.2,4
5,59232.1,269700,68100.12,5
6,59504.950000000004,269700,71947.36,6
7,59521.0,269700,77832.40000000001,7
8,60714.399999999994,269700,83386.20000000001,8
9,64696.5,269700,94807.0,9
10,68715.0,269700,105412.68,10
11,74327.99999999999,269700,122651.2,11
12,91962.0,269700,138549.48,12
13,95804.0,269700,152705.84000000008,13
14,102725.5,269700,163740.4,14
15,107723.0,269700,178212.56,15
16,110394.6,269700,191034.72000000003,16
17,113931.59999999999,269700,203334.48,17
18,122153.69999999998,269700,213468.88,18
19,134545.0,269700,218841.0,19
20,136848.5,269700,227626.64,20
21,137255.0,269700,230833.68,21
22,141974.55000000002,269700,238147.28000000003,22
23,151515.59999999998,269700,244635.56,23
24,160771.75,269700,251104.0,24
25,163142.9,269700,257356.0,25
26,164510.55000000002,269700,261581.08000000007,26
27,171812.59999999998,269700,270154.44,27
28,195347.49999999994,269700,276121.52,28
29,210845.0,269700,282312.0,29
30,215989.85,269700,290752.56,30
31,218714.40000000002,269700,294702.72,31
32,221364.65000000002,269700,299750.52,32
33,251363.70000000007,269700,309753.80000000005,33
34,257971.74999999997,269700,316705.8,34
35,272837.6,269700,325860.92000000004,35
36,282885.69999999995,269700,330668.24,36
37,284317.8,269700,343151.2,37
38,290083.6,269700,348649.24,38
39,317100.0,269700,356945.39999999997,39
40,323518.35,269700,365781.04,40
41,324668.5,269700,380277.24,41
42,331799.6,269700,391877.0399999999,42
43,339696.8,269700,401261.56,43
44,346197.25,269700,411330.80000000005,44
45,356451.5,269700,425083.44,45
46,356982.75,269700,433602.68,46
47,377802.79999999993,269700,454239.16000000003,47
48,393636.6,269700,462280.67999999993,48
49,418747.5,269700,477452.0,49
50,439140.05000000005,269700,494739.3200000001,50
51,446818.20000000007,269700,506937.48,51
52,470399.30000000005,269700,525773.4000000001,52
53,476592.4,269700,544200.9200000002,53
54,521008.5000000004,269700,550799.6,54
55,538904.0,269700,562650.7200000001,55
56,544448.35,269700,583617.6,56
57,549337.6,269700,593168.6,57
58,551584.95,269700,611494.56,58
59,553364.0,269700,636735.2,59
60,553706.55,269700,650538.72,60
61,560594.1000000001,269700,660558.88,61
62,602149.7999999998,269700,673872.8,62
63,634220.4,269700,698134.52,63
64,637802.75,269700,709217.4,64
65,650104.2000000001,269700,717535.04,65
66,681079.9,269700,731028.72,66
67,686366.8,269700,745764.28,67
68,710337.25,269700,757757.08,68
69,737666.4999999998,269700,768352.6000000001,69
70,753115.35,269700,786247.56,70
71,757004.9999999999,269700,796156.88,71
72,768552.4,269700,804544.3999999999,72
73,771126.2000000001,269700,814778.6799999999,73
74,773217.75,269700,830126.0,74
75,810253.7999999996,269700,845010.72,75
76,837325.75,269700,859357.12,76
77,866824.9999999998,269700,872700.88,77
78,935128.9500000003,269700,877131.24,78
79,977045.0,269700,882276.3999999999,79
80,1016530.9000000004,269700,894685.8800000001,80
81,1038480.4000000001,269700,907875.0,81
82,1047982.65,269700,915762.0,82
83,1054197.6,269700,920529.6000000001,83
84,1066791.25,269700,934833.6,84
85,1091498.7999999998,269700,950210.88,85
86,1121655.1000000003,269700,971157.1999999998,86
87,1151269.7999999998,269700,989145.8400000001,87
88,1210712.3000000005,269700,1002028.7200000001,88
89,1243437.0,269700,1032414.0000000009,89
90,1297296.1000000013,269700,1067532.0,90
91,1402111.6,269700,1096177.12,91
92,1454592.15,269700,1127127.36,92
93,1457076.7,269700,1211076.88,93
94,1503944.0,269700,1257814.8,94
95,1718934.799999998,269700,1506299.36,95
96,1852839.45,269700,1651063.0400000005,96
97,1859456.0999999999,269700,1914672.319999999,97
0,346430.4,701402,63856.520000000004,0
1,396236.80000000005,701402,79999.79999999999,1
2,446043.2,701402,92415.0,2
3,474705.72000000003,701402,100126.0,3
4,475176.4,701402,110524.40000000001,4
5,475647.08,701402,114773.0,5
6,476117.76,701402,118227.6,6
7,514374.52,701402,153351.24,7
8,558928.96,701402,167217.0,8
9,603483.4,701402,168461.40000000002,9
10,637159.6000000001,701402,201933.16,10
11,643640.2,701402,217750.19999999998,11
12,650120.8,701402,232605.04,12
13,656601.4,701402,242435.56000000003,13
14,674223.4,701402,250752.2,14
15,696301.96,701402,265374.32,15
16,718380.52,701402,281966.04000000004,16
17,739753.5199999999,701402,303136.36,17
18,756893.16,701402,312215.36,18
19,774032.8,701402,323999.60000000003,19
20,791172.4400000001,701402,339610.72,20
21,823534.16,701402,353412.07999999996,21
22,867312.4400000001,701402,364039.64,22
23,911090.72,701402,376056.92,23
24,954869.0,701402,383495.0,24
25,1064952.12,701402,406127.0800000001,25
26,1175035.2400000002,701402,425909.36,26
27,1285118.3600000003,701402,431228.28,27
28,1363993.44,701402,445995.72,28
29,1401257.8,701402,468951.79999999993,29
30,1438522.16,701402,490921.0,30
31,1475786.52,701402,505937.11999999994,31
32,1530580.0,701402,526556.2,32
33,1588295.0000000002,701402,540542.48,33
34,1646009.9999999998,701402,554699.6,34
35,1700675.6400000001,701402,566779.6799999999,35
36,1747717.88,701402,572593.36,36
37,1794760.12,701402,587583.7999999999,37
38,1841802.3599999999,701402,608845.28,38
39,1890785.2000000002,701402,618380.0000000001,39
40,1940544.2799999998,701402,629800.2799999999,40
41,1990303.3599999999,701402,639392.6,41
42,2032954.0,701402,664725.7600000001,42
43,2032954.0,701402,680897.72,43
44,2032954.0,701402,698277.3999999999,44
45,2032954.0,701402,713406.1200000001,45
46,2197708.08,701402,727668.0799999998,46
47,2486027.7199999997,701402,739166.44,47
48,2774347.359999999,701402,752063.24,48
49,3062667.0,701402,764808.0,49
50,3062667.0,701402,788575.6,50
51,3062667.0,701402,810468.4400000002,51
52,3062667.0,701402,823072.0800000001,52
53,3075717.9600000004,701402,838838.52,53
54,3106170.2,701402,858598.0,54
55,3136622.44,701402,871868.8400000001,55
56,3167074.68,701402,905139.7999999998,56
57,3383132.839999999,701402,918101.04,57
58,3630125.32,701402,935557.08,58
59,3877117.8000000007,701402,956638.7999999998,59
60,4059938.36,701402,968799.4800000001,60
61,4082329.1199999996,701402,983702.1599999999,61
62,4104719.88,701402,1009958.8,62
63,4127110.64,701402,1035414.9999999997,63
64,4139126.4000000004,701402,1075415.6,64
65,4146992.16,701402,1102782.08,65
66,4154857.92,701402,1129036.0,66
67,4252104.640000006,701402,1154448.08,67
68,4885637.12,701402,1166244.92,68
69,5519169.599999995,701402,1194069.5999999994,69
70,6152702.079999997,701402,1240898.96,70
71,6644821.44,701402,1264878.68,71
72,7030880.959999997,701402,1299277.6,72
73,7416940.479999998,701402,1341272.1600000001,73
74,7803000.0,701402,1369686.0,74
75,8096843.200000001,701402,1404877.8799999997,75
76,8390686.400000002,701402,1463225.9600000004,76
77,8684529.6,701402,1491378.92,77
78,10022668.84000001,701402,1538186.6400000001,78
79,12753202.800000021,701402,1591513.6000000003,79
80,15483736.759999998,701402,1613917.5200000003,80
81,18214270.719999973,701402,1655221.1199999999,81
82,19805300.519999992,701402,1689571.04,82
83,21206412.959999997,701402,1732621.92,83
84,22607525.400000006,701402,1766314.1999999997,84
85,24412454.399999984,701402,1901636.6400000001,85
86,27226924.799999997,701402,1989093.5999999999,86
87,30041395.200000003,701402,2138726.6799999997,87
88,32855865.600000016,701402,2316120.599999999,88
89,38100337.999999985,701402,2578272.0000000005,89
90,44316811.20000001,701402,2726161.920000001,90
91,50533284.400000036,701402,2943289.28,91
92,58428360.120000176,701402,3393846.8400000026,92
93,76395050.96000001,701402,3867625.9199999957,93
94,94361741.79999986,701402,4365305.999999996,94
95,112328432.63999994,701402,4940327.44,95
96,123590292.12,701402,6150686.719999985,96
97,129823528.07999995,701402,8233875.7999999905,97
0,294173.45,269907,66391.03,0
1,314825.9,269907,111037.0,1
2,335478.35,269907,144738.16,2
3,356130.8,269907,156114.64,3
4,376211.50000000006,269907,165520.34999999998,4
5,394462.60000000003,269907,201245.62,5
6,412713.7,269907,209579.55,6
7,430964.80000000005,269907,217570.44,7
8,449215.9,269907,227780.75999999998,8
9,460347.8,269907,232356.09999999998,9
10,463648.58,269907,236959.97000000003,10
11,466949.36,269907,246726.47999999998,11
12,470250.14,269907,249080.16,12
13,473550.92,269907,252115.7,13
14,475381.25,269907,264252.6,14
15,476623.39999999997,269907,273321.60000000003,15
16,477865.55,269907,276940.36,16
17,479107.7,269907,278611.74,17
18,480349.85,269907,282755.54000000004,18
19,517647.6,269907,300424.80000000005,19
20,556748.1300000001,269907,310116.07999999996,20
21,595848.66,269907,317724.96,21
22,634949.19,269907,323547.29000000004,22
23,671933.9199999999,269907,333862.16000000003,23
24,699926.5,269907,336703.0,24
25,727919.0800000001,269907,345251.76,25
26,755911.66,269907,353487.96,26
27,783904.2400000001,269907,356172.64,27
28,830997.52,269907,370364.25,28
29,903558.3999999999,269907,376710.80000000005,29
30,976119.28,269907,379581.83999999997,30
31,1048680.16,269907,382928.60000000003,31
32,1121241.0400000003,269907,388314.38,32
33,1159311.52,269907,401371.80000000005,33
34,1180136.8,269907,412784.85,34
35,1200962.08,269907,423003.72,35
36,1221787.3599999999,269907,438209.52999999997,36
37,1242612.6400000001,269907,454142.83999999997,37
38,1254218.17,269907,457021.95999999996,38
39,1264853.2,269907,460683.6,39
40,1275488.23,269907,465209.27,40
41,1286123.26,269907,469573.13999999996,41
42,1295338.54,269907,476683.68999999994,42
43,1296035.32,269907,487394.4,43
44,1296732.1,269907,489106.9,44
45,1297428.8800000001,269907,496309.66000000003,45
46,1298125.66,269907,503414.70999999996,46
47,1301117.48,269907,504685.24,47
48,1307838.74,269907,510932.11,48
49,1314560.0,269907,517795.0,49
50,1321281.26,269907,535681.8300000001,50
51,1328002.52,269907,557597.88,51
52,1364409.2800000003,269907,561310.76,52
53,1419084.04,269907,586948.48,53
54,1473758.8000000003,269907,596803.5,54
55,1528433.5600000005,269907,605628.64,55
56,1583108.3199999998,269907,628636.22,56
57,1611345.22,269907,632646.9600000001,57
58,1635175.81,269907,644530.83,58
59,1659006.4,269907,647091.8,59
60,1682836.99,269907,649443.14,60
61,1704586.04,269907,652826.76,61
62,1706560.46,269907,656703.86,62
63,1708534.88,269907,662086.3999999999,63
64,1710509.3,269907,670624.15,64
65,1712483.72,269907,678829.3800000001,65
66,1736087.79,269907,694590.74,66
67,1802951.1600000006,269907,698719.4800000001,67
68,1869814.5299999993,269907,733481.0,68
69,1936677.8999999997,269907,743047.6,69
70,2003541.27,269907,762317.5899999999,70
71,2119821.3599999994,269907,787317.6,71
72,2273163.99,269907,817592.7499999998,72
73,2426506.619999999,269907,861385.1,73
74,2579849.25,269907,902384.5,74
75,2733191.880000001,269907,935705.48,75
76,2867613.000000001,269907,973176.61,76
77,2997581.9999999995,269907,1032956.0,77
78,3127551.0,269907,1063002.6400000006,78
79,3257520.0000000005,269907,1136110.4000000006,79
80,3381844.79,269907,1182018.9300000004,80
81,3393285.38,269907,1253791.2999999993,81
82,3404725.9699999997,269907,1328934.1999999997,82
83,3416166.56,269907,1494736.5599999998,83
84,3427607.1499999994,269907,1536781.75,84
85,3523392.259999998,269907,1672588.9799999997,85
86,3830038.669999999,269907,1736429.72,86
87,4136685.08,269907,1792676.0,87
88,4443331.490000002,269907,1832814.7200000002,88
89,4749977.900000003,269907,1882514.0000000002,89
90,5068504.199999999,269907,1966532.1000000006,90
91,5397830.4,269907,2060119.7600000002,91
92,5727156.6000000015,269907,2366519.1600000025,92
93,6056482.799999997,269907,2636516.379999998,93
94,6385808.999999999,269907,2885635.349999997,94
95,7634270.720000001,269907,3155423.9599999995,95
96,9169962.290000007,269907,3481966.269999998,96
97,10705653.859999988,269907,4585070.979999999,97
0,3058.6800000000026,265520,132120.39,0
1,153718.4,265520,146360.02000000002,1
2,172591.34,265520,155591.44,2
3,173805.24,265520,164014.96,3
4,182774.00000000003,265520,184229.84999999998,4
5,215439.80000000002,265520,196202.88,5
6,221771.08000000002,265520,211608.13,6
7,226416.84,265520,232995.23999999996,7
8,244091.7,265520,243830.82,8
9,261854.40000000002,265520,262889.4,9
10,285610.3,265520,283351.7100000001,10
11,290040.28,265520,299744.72,11
12,298643.52,265520,311325.6,12
13,309009.44,265520,320350.52000000014,13
14,310049.0,265520,338518.0,14
15,319829.52,265520,351384.72,15
16,346953.69999999995,265520,357202.89,16
17,394295.19999999995,265520,360283.38,17
18,441863.72,265520,374859.0,18
19,451282.4,265520,384824.19999999995,19
20,465206.36,265520,387355.05000000005,20
21,470546.72,265520,394081.0,21
22,495543.86000000004,265520,400824.26,22
23,526167.08,265520,413011.27999999997,23
24,536459.5,265520,422945.5,24
25,565472.44,265520,432136.7,25
26,588322.8400000001,265520,445769.97000000003,26
27,602411.0800000001,265520,454060.32,27
28,614360.6,265520,463744.35,28
29,643832.5999999999,265520,470604.19999999995,29
30,669803.9400000001,265520,479322.26000000007,30
31,691401.36,265520,489498.92,31
32,715737.9,265520,502923.37,32
33,729070.32,265520,510403.80000000005,33
34,801854.8999999997,265520,524412.6499999999,34
35,836863.88,265520,535713.48,35
36,875216.1000000001,265520,547375.92,36
37,901325.6799999999,265520,554408.78,37
38,936746.38,265520,562122.9,38
39,945552.6,265520,566667.7999999999,39
40,945553.0,265520,573528.6599999999,40
41,982407.1599999998,265520,580850.9,41
42,995919.1399999999,265520,589680.31,42
43,1014961.4400000001,265520,598635.7999999999,43
44,1121602.4999999998,265520,606391.85,44
45,1136407.28,265520,612682.28,45
46,1156228.72,265520,617300.96,46
47,1170586.7200000002,265520,623287.6799999999,47
48,1192398.02,265520,634643.51,48
49,1224095.0,265520,643017.0,49
50,1248981.44,265520,648922.8300000001,50
51,1258106.56,265520,658005.72,51
52,1379446.48,265520,666393.61,52
53,1409392.3200000003,265520,673316.7000000001,53
54,1460825.2,265520,678376.15,54
55,1487446.4800000004,265520,686570.16,55
56,1537679.22,265520,698067.23,56
57,1565036.8399999999,265520,703831.1799999999,57
58,1610896.88,265520,711611.69,58
59,1758503.1999999995,265520,718237.2000000001,59
60,1877898.64,265520,728279.0,60
61,1928084.32,265520,735534.1200000001,61
62,1956419.08,265520,744591.15,62
63,1985161.28,265520,754807.0,63
64,2108279.5999999996,265520,764403.5499999999,64
65,2263993.12,265520,770333.7,65
66,2292093.7800000003,265520,777705.72,66
67,2343461.7600000002,265520,786956.3200000001,67
68,2354961.16,265520,792679.77,68
69,2384591.1999999997,265520,801775.8999999999,69
70,2412039.16,265520,811501.95,70
71,2445789.8,265520,817095.36,71
72,2482525.7199999997,265520,828720.64,72
73,2622090.280000001,265520,840274.1599999999,73
74,2779991.0,265520,855830.5,74
75,2879749.4799999995,265520,867000.0,75
76,2964047.5,265520,881016.2600000001,76
77,3093648.2400000007,265520,895869.78,77
78,3227577.5,265520,905380.93,78
79,3293769.2000000007,265520,915726.2,79
80,3408166.0000000005,265520,933351.4000000004,80
81,3485178.0,265520,945788.7599999999,81
82,3499906.6799999997,265520,967332.1999999997,82
83,3693954.879999998,265520,989546.8800000001,83
84,4151681.7000000016,265520,1017339.5999999994,84
85,4315292.279999999,265520,1051396.1800000002,85
86,4519229.299999999,265520,1079055.19,86
87,5516866.360000007,265520,1133988.48,87
88,6377095.240000001,265520,1175049.91,88
89,6823567.3999999985,265520,1246930.2000000004,89
90,7257918.600000003,265520,1320584.7000000002,90
91,8103626.160000004,265520,1414635.2800000017,91
92,8323002.9,265520,1541209.9300000002,92
93,8705995.399999999,265520,1711492.1999999995,93
94,12059850.199999968,265520,1870036.0500000007,94
95,14394502.320000002,265520,2045732.8799999994,95
96,21983443.619999982,265520,2377436.400000003,96
97,27842761.079999965,265520,2881301.2599999993,97
